00248,12,01,12,18,0000,0000,06684
00222,12,01,13,30,0000,0000,12803
00322,12,01,13,30,0000,0000,12903
00153,12,01,13,30,0000,0000,12734
03103,12,01,13,30,0000,0000,15684
00270,12,01,13,30,0000,0000,12851
00321,12,01,13,30,0000,0000,12902
03115,12,01,13,30,0000,0000,15696
00216,12,01,13,30,0000,0000,12797
00162,12,01,13,30,0000,0000,12743
03241,12,01,13,30,0000,0000,15822
03107,12,01,13,30,0000,0000,15688
00324,12,01,13,30,0000,0000,12905
03112,12,01,13,30,0000,0000,15693
03223,12,01,13,30,0000,0000,15804
03113,12,01,13,30,0000,0000,15694
00261,12,01,13,30,0000,0000,12842
03249,12,01,13,30,0000,0000,15830
00010,12,01,13,30,0000,0000,12591
00301,12,01,13,30,0000,0000,12882
00020,12,01,13,30,0000,0000,12601
00257,12,01,13,30,0000,0000,12838
00181,12,01,13,31,0000,0000,13018
00003,12,01,13,31,0000,0000,12840
00320,12,01,13,31,0000,0000,13157
00225,12,01,13,31,0000,0000,13062
03205,12,01,13,31,0000,0000,16042
03140,12,01,13,31,0000,0000,15977
03201,12,01,13,31,0000,0000,16038
03142,12,01,13,31,0000,0000,15979
00299,12,01,13,31,0000,0000,13136
00272,12,01,13,31,0000,0000,13109
00114,12,01,13,31,0000,0000,12951
03111,12,01,13,31,0000,0000,15948
00682,12,01,13,31,0000,0000,13519
00240,12,01,13,31,0000,0000,13077
00156,12,01,13,31,0000,0000,12993
04110,12,01,13,31,0000,0000,16947
03132,12,01,13,31,0000,0000,15969
03219,12,01,13,31,0000,0000,16056
00050,12,01,13,31,0000,0000,12887
00012,12,01,13,31,0000,0000,12849
03126,12,01,13,32,0000,0000,16219
00120,12,01,13,32,0000,0000,13213
00217,12,01,13,32,0000,0000,13310
03177,12,01,13,32,0000,0000,16270
00176,12,01,13,32,0000,0000,13269
00155,12,01,13,32,0000,0000,13248
00178,12,01,13,32,0000,0000,13271
00312,12,01,13,32,0000,0000,13405
00315,12,01,13,32,0000,0000,13408
00300,12,01,13,33,0000,0000,13649
01014,12,01,13,33,0000,0000,14363
00171,12,01,13,33,0000,0000,13520
00100,12,01,13,34,0000,0000,13705
03167,12,01,13,34,0000,0000,16772
03166,12,01,13,35,0000,0000,17027
00502,12,01,13,42,0000,0000,17691
00230,12,01,13,58,0000,0000,23051
00512,12,01,14,03,0000,0000,01574
00501,12,01,14,03,0000,0000,01563
03228,12,01,14,04,0000,0000,04546
00121,12,01,14,05,0000,0000,01695
00504,12,01,14,08,0000,0000,02846
08888,12,01,14,08,0000,0000,11230
00509,12,01,14,11,0000,0000,05155
00511,12,01,14,11,0000,0000,05157
00682,12,01,14,47,0000,0000,19152
00324,12,01,14,47,0000,0000,18794
03223,12,01,14,48,0000,0000,21949
03237,12,01,14,48,0000,0000,21963
03256,12,01,14,48,0000,0000,21982
00216,12,01,14,50,0000,0000,20990
03205,12,01,14,51,0000,0000,24235
00121,12,01,14,51,0000,0000,21151
03201,12,01,14,51,0000,0000,24231
03107,12,01,14,51,0000,0000,24137
03112,12,01,14,52,0000,0000,24398
00178,12,01,14,52,0000,0000,21464
00315,12,01,14,52,0000,0000,21601
00176,12,01,14,52,0000,0000,21462
00155,12,01,14,52,0000,0000,21441
00907,12,01,14,52,0000,0000,22193
00162,12,01,14,52,0000,0000,21448
03142,12,01,14,52,0000,0000,24428
03219,12,01,14,53,0000,0000,24761
00240,12,01,14,53,0000,0000,21782
00230,12,01,14,53,0000,0000,21772
03167,12,01,14,53,0000,0000,24709
03249,12,01,14,53,0000,0000,24791
00270,12,01,14,54,0000,0000,22068
00100,12,01,14,54,0000,0000,21898
00321,12,01,14,54,0000,0000,22119
04110,12,01,14,55,0000,0000,26164
03111,12,01,14,55,0000,0000,25165
03177,12,01,14,55,0000,0008,25239
00312,12,01,14,55,0000,0008,22374
00301,12,01,14,55,0000,0008,22363
00322,12,01,14,55,0000,0008,22384
03103,12,01,14,55,0000,0000,25157
00153,12,01,14,55,0000,0000,22207
00300,12,01,14,55,0000,0000,22354
00120,12,01,14,55,0000,0000,22174
00114,12,01,14,55,0000,0000,22168
00261,12,01,14,55,0000,0000,22315
00012,12,01,14,56,0000,0000,22322
03126,12,01,14,56,0000,0000,25436
00217,12,01,14,56,0000,0000,22527
03132,12,01,14,56,0000,0000,25442
00181,12,01,14,57,0000,0000,22747
03113,12,01,14,57,0000,0000,25679
00010,12,01,14,57,0000,0000,22576
03115,12,01,14,57,0000,0000,25681
00116,12,01,14,57,0000,0000,22682
00225,12,01,14,57,0000,0000,22791
00020,12,01,14,58,0000,0000,22842
00003,12,01,14,58,0000,0000,22825
00171,12,01,14,59,0000,0000,23249
03125,12,01,14,59,0000,0000,26203
00156,12,01,15,00,0000,0000,00451
03166,12,01,15,00,0000,0000,03461
03228,12,01,15,00,0000,0000,03523
00272,12,01,15,00,0000,0000,00567
03140,12,01,15,00,0000,0000,03435
00505,12,01,15,13,0000,0000,05664
00502,12,01,15,15,0000,0000,06173
01014,12,01,15,15,0000,0000,06685
00510,12,01,16,01,0000,0000,01062
00248,12,01,16,01,0000,0000,00800
00504,12,01,16,03,0000,0000,01568
00511,12,01,16,04,0000,0000,01831
08888,12,01,16,05,0000,0000,10464
00501,12,01,16,11,0000,0000,05149
00504,12,01,18,38,0000,0000,15138
00505,12,01,18,41,0000,0000,17443
00512,12,01,18,41,0000,0000,17450
00511,12,01,19,08,0000,0000,02858
08888,12,01,19,08,0000,0000,11235
00248,12,01,19,22,0000,0000,09251
00510,12,01,19,31,0000,0000,13353
00501,12,01,20,21,0000,0000,09255
00216,12,01,20,31,0000,0000,13066
03112,12,01,20,31,0000,0000,15962
00178,12,01,20,31,0000,0000,13028
00240,12,01,20,31,0000,0000,13090
00270,12,01,20,31,0000,0000,13120
03219,12,01,20,31,0000,0000,16069
00181,12,01,20,31,0000,0000,13031
03126,12,01,20,32,0000,0000,16232
03115,12,01,20,32,0000,0000,16221
00116,12,01,20,32,0000,0000,13222
00020,12,01,20,32,0000,0000,13126
03107,12,01,20,32,0000,0000,16213
00162,12,01,20,32,0000,0000,13268
03205,12,01,20,32,0000,0000,16311
00155,12,01,20,32,0000,0000,13261
00010,12,01,20,32,0000,0000,13116
03113,12,01,20,32,0000,0000,16219
00225,12,01,20,32,0000,0000,13331
00176,12,01,20,32,0000,0000,13282
00217,12,01,20,32,0000,0000,13323
00300,12,01,20,32,0000,0000,13406
00907,12,01,20,32,0000,0000,14013
00261,12,01,20,32,0000,0000,13367
00301,12,01,20,32,0000,0000,13407
00120,12,01,20,32,0000,0000,13226
03223,12,01,20,32,0000,0000,16329
00312,12,01,20,33,0000,0000,13674
00315,12,01,20,33,0000,0000,13677
00315,12,01,20,33,0000,0000,13677
00012,12,01,20,33,0000,0000,13374
03111,12,01,20,33,0000,0000,16473
00321,12,01,20,33,0000,0000,13683
03177,12,01,20,33,0000,0000,16539
00682,12,01,20,33,0000,0000,14044
03142,12,01,20,33,0000,0000,16504
00114,12,01,20,33,0000,0000,13476
00153,12,01,20,34,0000,0000,13771
00153,12,01,20,34,0000,0000,13771
00272,12,01,20,35,0000,0000,14146
00502,12,01,20,36,0000,0000,14632
00003,12,01,20,40,0000,0000,16693
00322,12,01,20,40,0000,0000,17012
03140,12,01,20,47,0000,0000,21622
03140,12,01,20,47,0000,0000,21622
01014,12,01,20,48,0000,0000,19752
03201,12,01,20,48,0000,0000,21939
03237,12,01,20,49,0000,0000,22231
04110,12,01,20,49,0000,0000,23104
03103,12,01,20,50,0000,0000,23889
00156,12,01,20,53,0000,0000,21710
03125,12,01,20,53,0000,0000,24679
00100,12,01,20,58,0000,0000,22934
00171,12,01,20,59,0000,0000,23261
03249,12,01,20,59,0000,0000,26339
03256,12,01,21,00,0000,0000,03563
00230,12,01,21,05,0000,0000,01817
03166,12,01,21,06,0000,0000,05009
03167,12,01,21,06,0000,0000,05010
00121,12,01,21,10,0000,0000,04524
03132,12,01,21,15,0000,0000,08815
00324,12,01,21,31,0000,0000,13175
00272,12,01,22,21,0000,0000,09028
00272,12,01,23,35,0000,0000,14149
03228,12,01,23,35,0000,0000,17105
00100,12,02,07,16,0000,0000,06269
00502,12,02,07,17,0000,0000,06927
00240,12,02,07,18,0000,0000,06921
03242,12,02,07,18,0000,0000,09923
03251,12,02,07,18,0000,0000,09932
00176,12,02,07,19,0000,0000,07113
04110,12,02,07,19,0000,0000,11047
00270,12,02,07,19,0000,0000,07207
03205,12,02,07,20,0000,0000,11934
03246,12,02,07,20,0000,0000,11975
03248,12,02,07,20,0000,0000,11977
00315,12,02,07,21,0000,0000,09300
00178,12,02,07,21,0000,0000,09163
03111,12,02,07,21,0000,0000,12096
03106,12,02,07,21,0000,0000,12091
03182,12,02,07,22,0000,0000,12423
03126,12,02,07,22,0000,0000,12367
03237,12,02,07,22,0000,0000,12478
03115,12,02,07,22,0000,0000,12356
00121,12,02,07,22,0000,0000,09362
03153,12,02,07,22,0000,0000,12394
03238,12,02,07,22,0000,0000,12479
03142,12,02,07,22,0000,0000,12383
00216,12,02,07,23,0000,0000,09713
03177,12,02,07,23,0000,0000,12674
00012,12,02,07,23,0000,0000,09509
00411,12,02,07,23,0000,0000,09908
03241,12,02,07,24,0000,0000,12994
03249,12,02,07,24,0000,0000,13002
00312,12,02,07,24,0000,0000,10065
00321,12,02,07,24,0000,0000,10074
03256,12,02,07,24,0000,0000,13009
00181,12,02,07,24,0000,0000,09934
00682,12,02,07,24,0000,0000,10435
03254,12,02,07,25,0000,0000,13263
00299,12,02,07,25,0000,0000,10308
00257,12,02,07,25,0000,0000,10266
03201,12,02,07,25,0000,0000,13210
00222,12,02,07,25,0000,0000,10231
00322,12,02,07,25,0000,0000,10331
00225,12,02,07,25,0000,0000,10234
03186,12,02,07,26,0000,0000,13451
00217,12,02,07,26,0000,0000,10482
00301,12,02,07,26,0000,0000,10566
03245,12,02,07,26,0000,0000,13510
00153,12,02,07,26,0000,0000,10418
00300,12,02,07,27,0000,0000,10821
03103,12,02,07,27,0000,0000,13624
00120,12,02,07,27,0000,0000,10641
00320,12,02,07,27,0000,0000,10841
03219,12,02,07,27,0000,0000,13740
03167,12,02,07,27,0000,0000,13688
00261,12,02,07,27,0000,0000,10782
03107,12,02,07,28,0000,0000,13884
03236,12,02,07,28,0000,0000,14013
03236,12,02,07,28,0000,0000,14013
00114,12,02,07,28,0000,0000,10891
00134,12,02,07,28,0000,0000,10911
03228,12,02,07,28,0000,0000,14005
03255,12,02,07,28,0000,0000,14032
03112,12,02,07,28,0000,0000,13889
03113,12,02,07,28,0000,0000,13890
00162,12,02,07,28,0000,0000,10939
00324,12,02,07,28,0000,0000,11101
03132,12,02,07,28,0000,0000,13909
00505,12,02,07,28,0000,0000,11282
00003,12,02,07,28,0000,0000,10780
00272,12,02,07,29,0000,0000,11305
00010,12,02,07,29,0000,0000,11043
03140,12,02,07,29,0000,0000,14173
03166,12,02,07,30,0000,0000,15991
00020,12,02,07,30,0000,0000,12845
00134,12,02,07,30,0000,0000,12959
00156,12,02,07,30,0000,0000,12981
00171,12,02,07,31,0000,0000,13252
03243,12,02,07,53,0000,0000,25028
00511,12,02,09,00,0000,0000,01050
00512,12,02,09,00,0000,0000,01051
00512,12,02,09,00,0000,0000,01051
00510,12,02,09,00,0000,0000,01049
00504,12,02,09,02,0000,0000,01555
00248,12,02,09,02,0000,0000,01299
01014,12,02,09,03,0000,0000,02321
00050,12,02,10,42,0000,0000,17492
03103,12,02,13,31,0000,0000,16196
00322,12,02,13,31,0000,0000,13415
00216,12,02,13,31,0000,0000,13309
03241,12,02,13,31,0000,0000,16334
00505,12,02,13,31,0000,0000,13598
03205,12,02,13,31,0000,0000,16298
03245,12,02,13,31,0000,0000,16338
00040,12,02,13,31,0000,0000,13133
00321,12,02,13,31,0000,0000,13414
03249,12,02,13,31,0000,0000,16342
00020,12,02,13,31,0000,0000,13113
03126,12,02,13,31,0000,0000,16219
00270,12,02,13,31,0000,0000,13363
00257,12,02,13,31,0000,0000,13350
03236,12,02,13,31,0000,0000,16329
00261,12,02,13,31,0000,0000,13354
03153,12,02,13,31,0000,0000,16246
03238,12,02,13,31,0000,0000,16331
03140,12,02,13,31,0000,0000,16233
03115,12,02,13,32,0000,0000,16464
00301,12,02,13,32,0000,0000,13650
00225,12,02,13,32,0000,0000,13574
00682,12,02,13,32,0000,0000,14031
03112,12,02,13,32,0000,0000,16461
03242,12,02,13,32,0000,0000,16591
03243,12,02,13,32,0000,0000,16592
03248,12,02,13,32,0000,0000,16597
00010,12,02,13,32,0000,0000,13359
00134,12,02,13,32,0000,0000,13483
03254,12,02,13,32,0000,0000,16603
03251,12,02,13,32,0000,0000,16600
04110,12,02,13,32,0000,0000,17459
00299,12,02,13,32,0000,0000,13648
00240,12,02,13,32,0000,0000,13589
03107,12,02,13,32,0000,0000,16456
00050,12,02,13,32,0000,0000,13399
00320,12,02,13,32,0000,0000,13669
00162,12,02,13,32,0000,0000,13511
03223,12,02,13,33,0000,0000,16828
03142,12,02,13,33,0000,0000,16747
03246,12,02,13,33,0000,0000,16851
00153,12,02,13,33,0000,0000,13758
00300,12,02,13,33,0000,0000,13905
00114,12,02,13,33,0000,0000,13719
03201,12,02,13,33,0000,0000,16806
03255,12,02,13,33,0000,0000,16860
00156,12,02,13,33,0000,0000,13761
03132,12,02,13,33,0000,0000,16737
03106,12,02,13,33,0000,0000,16711
00181,12,02,13,33,0000,0000,13786
03219,12,02,13,33,0000,0000,16824
03186,12,02,13,33,0000,0000,16791
00312,12,02,13,33,0000,0000,13917
03113,12,02,13,33,0000,0000,16718
03237,12,02,13,33,0000,0000,16842
03111,12,02,13,33,0000,0000,16716
00315,12,02,13,33,0000,0000,13920
03177,12,02,13,34,0000,0000,17038
00176,12,02,13,34,0000,0000,14037
00155,12,02,13,34,0000,0000,14016
00178,12,02,13,34,0000,0000,14039
03182,12,02,13,34,0000,0000,17043
00012,12,02,13,35,0000,0000,14129
00171,12,02,13,35,0000,0000,14288
00100,12,02,13,35,0000,0000,14217
00217,12,02,13,35,0000,0000,14334
00324,12,02,13,36,0000,0000,14697
03167,12,02,13,37,0000,0000,17796
03166,12,02,13,37,0000,0000,17795
01014,12,02,13,47,0000,0000,19739
00272,12,02,13,50,0000,0000,21301
03228,12,02,14,01,0000,0000,04034
00511,12,02,14,02,0000,0000,01573
00509,12,02,14,02,0000,0000,01571
00121,12,02,14,03,0000,0000,01439
00504,12,02,14,05,0000,0000,02334
00248,12,02,14,05,0000,0000,02078
03256,12,02,14,44,0000,0000,21214
03182,12,02,14,48,0000,0000,22164
00050,12,02,14,49,0000,0000,19288
00315,12,02,14,49,0000,0000,19553
00176,12,02,14,49,0000,0000,19414
00155,12,02,14,49,0000,0000,19393
03205,12,02,14,49,0000,0000,22443
00178,12,02,14,49,0000,0000,19416
03113,12,02,14,49,0000,0000,22351
00121,12,02,14,49,0000,0000,19359
03237,12,02,14,49,0000,0000,22475
03243,12,02,14,49,0000,0000,22481
00270,12,02,14,50,0000,0000,21300
03142,12,02,14,50,0000,0000,24172
03201,12,02,14,50,0000,0000,24231
03223,12,02,14,50,0000,0000,24253
00216,12,02,14,50,0000,0000,21246
00040,12,02,14,51,0000,0000,21326
03241,12,02,14,51,0000,0000,24527
03255,12,02,14,51,0000,0000,24541
00907,12,02,14,51,0000,0000,22193
03249,12,02,14,52,0000,0000,24791
03219,12,02,14,52,0000,0000,24761
03238,12,02,14,52,0000,0000,24780
03153,12,02,14,52,0000,0000,24695
03106,12,02,14,52,0000,0000,24648
03111,12,02,14,52,0000,0000,24653
03103,12,02,14,52,0000,0000,24645
03112,12,02,14,52,0000,0000,24654
00100,12,02,14,53,0000,0000,21898
03246,12,02,14,53,0000,0000,25044
03248,12,02,14,53,0000,0000,25046
00682,12,02,14,53,0000,0000,22480
00116,12,02,14,54,0000,0000,22170
03254,12,02,14,54,0000,0000,25308
00010,12,02,14,54,0000,0000,22064
00181,12,02,14,54,0000,0000,22235
00225,12,02,14,54,0000,0000,22279
03115,12,02,14,54,0000,0000,25169
00301,12,02,14,54,0000,0000,22355
00240,12,02,14,54,0000,0000,22294
04110,12,02,14,54,0000,0000,26164
00162,12,02,14,55,0000,0000,22472
00261,12,02,14,55,0000,0000,22571
00321,12,02,14,56,0000,0000,22887
03186,12,02,14,56,0000,0000,25752
00322,12,02,14,56,0000,0000,22888
03245,12,02,14,56,0000,0000,25811
01014,12,02,14,56,0000,0000,23580
03242,12,02,14,56,0000,0000,25808
03251,12,02,14,56,0000,0000,25817
00114,12,02,14,56,0000,0000,22680
03126,12,02,14,56,0000,0000,25692
03167,12,02,14,56,0000,0000,25733
00153,12,02,14,56,0000,0000,22719
00120,12,02,14,57,0000,0000,22942
00134,12,02,14,57,0000,0000,22956
03132,12,02,14,57,0000,0000,25954
03125,12,02,14,58,0000,0000,26203
03236,12,02,14,58,0000,0000,26314
00217,12,02,14,58,0000,0000,23295
00505,12,02,14,58,0000,0000,23583
00156,12,02,14,59,0000,0000,23490
03177,12,02,14,59,0000,0000,26511
00312,12,02,14,59,0000,0000,23646
00012,12,02,14,59,0000,0000,23346
00300,12,02,14,59,0000,0000,23634
03228,12,02,15,00,0000,0000,03779
03140,12,02,15,00,0000,0000,03691
00171,12,02,15,00,0000,0000,00722
00272,12,02,15,01,0000,0000,01079
03166,12,02,15,01,0000,0000,03973
00324,12,02,15,01,0000,0000,01131
00003,12,02,15,01,0000,0000,00810
03107,12,02,15,01,0000,0000,03914
00230,12,02,15,07,0000,0000,02573
00510,12,02,15,07,0000,0000,02853
00502,12,02,15,16,0000,0000,06685
00511,12,02,15,52,0000,0000,22054
00504,12,02,16,01,0000,0000,01312
00248,12,02,16,01,0000,0000,01056
08888,12,02,16,11,0000,0000,13792
00176,12,02,18,48,0000,0000,19162
08888,12,02,18,59,0000,0000,32226
00248,12,02,19,20,0000,0000,08995
00504,12,02,19,45,0000,0000,18723
00505,12,02,19,47,0000,0000,19236
00510,12,02,19,58,0000,0000,23593
00511,12,02,20,15,0000,0000,06449
00501,12,02,20,31,0000,0000,13607
00502,12,02,21,28,0000,0000,11305
00216,12,02,21,29,0000,0000,11275
03126,12,02,21,30,0000,0000,15977
00178,12,02,21,30,0000,0000,13029
03153,12,02,21,30,0000,0000,16004
03205,12,02,21,30,0000,0000,16056
00050,12,02,21,30,0000,0000,12901
00240,12,02,21,30,0000,0000,13091
00270,12,02,21,30,0000,0000,13121
03236,12,02,21,30,0000,0000,16087
03107,12,02,21,30,0000,0000,15958
00225,12,02,21,30,0000,0000,13076
00040,12,02,21,30,0000,0000,12891
03245,12,02,21,30,0000,0000,16096
03112,12,02,21,30,0000,0000,15963
00181,12,02,21,30,0000,0000,13032
00010,12,02,21,30,0000,0000,12861
00261,12,02,21,30,0000,0000,13112
03113,12,02,21,30,0000,0000,15964
03248,12,02,21,30,0000,0000,16099
03238,12,02,21,30,0000,0000,16089
03246,12,02,21,31,0000,0000,16353
00907,12,02,21,31,0000,0000,14014
00217,12,02,21,31,0000,0000,13324
00116,12,02,21,31,0000,0000,13223
03251,12,02,21,31,0000,0000,16358
03242,12,02,21,31,0000,0000,16349
03219,12,02,21,31,0000,0000,16326
00162,12,02,21,31,0000,0000,13269
03223,12,02,21,31,0000,0000,16330
00134,12,02,21,31,0000,0000,13241
00301,12,02,21,31,0000,0000,13408
00315,12,02,21,31,0000,0000,13422
00012,12,02,21,31,0000,0000,13119
00682,12,02,21,31,0000,0000,13789
03182,12,02,21,31,0000,0000,16289
00114,12,02,21,31,0000,0000,13221
03106,12,02,21,31,0000,0000,16213
03177,12,02,21,32,0000,0000,16540
00312,12,02,21,32,0000,0000,13675
03115,12,02,21,32,0000,0000,16478
00120,12,02,21,32,0000,0000,13483
00321,12,02,21,32,0000,0000,13684
00300,12,02,21,32,0000,0000,13663
03186,12,02,21,32,0000,0000,16549
00155,12,02,21,32,0000,0000,13518
03142,12,02,21,32,0000,0000,16505
03111,12,02,21,32,0000,0000,16474
00153,12,02,21,33,0000,0000,13772
03254,12,02,21,34,0000,0000,17129
00003,12,02,21,34,0000,0000,13878
03243,12,02,21,35,0000,0000,17374
04110,12,02,21,38,0000,0000,19009
00156,12,02,21,38,0000,0000,15055
03125,12,02,21,39,0000,0000,18280
03140,12,02,21,45,0000,0000,21367
03103,12,02,21,47,0000,0000,21842
03237,12,02,21,47,0000,0000,21976
03241,12,02,21,47,0000,0000,21980
03201,12,02,21,48,0000,0000,22196
03255,12,02,21,49,0000,0000,22506
00171,12,02,22,03,0000,0000,01503
00272,12,02,22,03,0000,0000,01604
03132,12,02,22,03,0000,0000,04464
00100,12,02,22,04,0000,0000,01688
03249,12,02,22,04,0000,0000,04837
00230,12,02,22,06,0000,0000,02330
03166,12,02,22,07,0000,0000,05522
03167,12,02,22,07,0000,0000,05523
03256,12,02,22,08,0000,0000,05868
00322,12,02,22,14,0000,0000,06006
01014,12,02,22,14,0000,0000,06698
00324,12,02,22,14,0000,0000,06008
03228,12,02,22,46,0000,0000,21712
00121,12,02,22,47,0000,0000,18861
00100,12,03,07,14,0000,0000,06013
00240,12,03,07,18,0000,0000,07177
00315,12,03,07,18,0000,0000,07252
03182,12,03,07,18,0000,0000,10119
03223,12,03,07,18,0000,0000,10160
00017,12,03,07,18,0000,0000,06954
03247,12,03,07,18,0000,0000,10184
00502,12,03,07,19,0000,0000,07695
00270,12,03,07,19,0000,0000,07463
03237,12,03,07,19,0000,0000,10430
00012,12,03,07,20,0000,0000,08997
00121,12,03,07,20,0000,0000,09106
00312,12,03,07,20,0000,0000,09297
00222,12,03,07,20,0000,0000,09207
00155,12,03,07,20,0000,0000,09140
00216,12,03,07,20,0000,0000,09201
00178,12,03,07,20,0000,0000,09163
03115,12,03,07,20,0000,0000,12100
03251,12,03,07,21,0000,0000,12492
03205,12,03,07,22,0000,0000,12702
03242,12,03,07,22,0000,0000,12739
00040,12,03,07,22,0000,0000,09537
03126,12,03,07,22,0000,0000,12623
03241,12,03,07,22,0000,0000,12738
00301,12,03,07,23,0000,0000,10054
03142,12,03,07,24,0000,0000,13151
03106,12,03,07,24,0000,0000,13115
00217,12,03,07,24,0000,0000,10226
03249,12,03,07,24,0000,0000,13258
04110,12,03,07,24,0000,0000,14119
03248,12,03,07,25,0000,0000,13513
03246,12,03,07,25,0000,0000,13511
03111,12,03,07,25,0000,0000,13376
00321,12,03,07,25,0000,0000,10586
00322,12,03,07,25,0000,0000,10587
03245,12,03,07,25,0000,0000,13510
03177,12,03,07,26,0000,0000,13698
00171,12,03,07,26,0000,0000,10692
03132,12,03,07,26,0000,0000,13653
03107,12,03,07,26,0000,0000,13628
03219,12,03,07,26,0000,0000,13740
00505,12,03,07,26,0000,0000,11026
03236,12,03,07,26,0000,0000,13757
03236,12,03,07,26,0000,0000,13757
00181,12,03,07,26,0000,0000,10702
03186,12,03,07,27,0000,0000,13963
00682,12,03,07,27,0000,0000,11459
00050,12,03,07,27,0000,0000,10827
00114,12,03,07,27,0000,0000,10891
03201,12,03,07,27,0000,0000,13978
03103,12,03,07,27,0000,0000,13880
03112,12,03,07,27,0000,0000,13889
00153,12,03,07,27,0000,0000,10930
03113,12,03,07,27,0000,0000,13890
03254,12,03,07,27,0000,0000,14031
00257,12,03,07,27,0000,0000,11034
00010,12,03,07,27,0000,0000,10787
00261,12,03,07,27,0000,0000,11038
00134,12,03,07,27,0000,0000,10911
03255,12,03,07,27,0000,0000,14032
00120,12,03,07,27,0000,0000,10897
00300,12,03,07,27,0000,0000,11077
00320,12,03,07,28,0000,0000,11353
00299,12,03,07,28,0000,0000,11332
00225,12,03,07,28,0000,0000,11258
03253,12,03,07,28,0000,0000,14286
00324,12,03,07,28,0000,0000,11357
00272,12,03,07,29,0000,0000,11561
03228,12,03,07,29,0000,0000,14517
03167,12,03,07,29,0000,0000,14456
03140,12,03,07,29,0000,0000,14429
03238,12,03,07,30,0000,0000,16319
03166,12,03,07,30,0000,0000,16247
00156,12,03,07,30,0000,0000,13237
00230,12,03,07,32,0000,0000,13823
03256,12,03,07,33,0000,0000,17105
03243,12,03,07,58,0000,0000,26564
00501,12,03,08,42,0000,0000,18191
01014,12,03,08,45,0000,0000,19472
00511,12,03,08,58,0000,0000,23833
00504,12,03,08,59,0000,0000,24082
00510,12,03,09,00,0000,0000,01305
00248,12,03,09,02,0000,0000,01555
00509,12,03,09,03,0000,0000,02072
00322,12,03,13,29,0000,0000,11623
00216,12,03,13,29,0000,0000,11517
00505,12,03,13,29,0000,0000,11806
03112,12,03,13,30,0000,0000,16205
00153,12,03,13,30,0000,0000,13246
00040,12,03,13,30,0000,0000,13133
00320,12,03,13,30,0000,0000,13413
03238,12,03,13,30,0000,0000,16331
03256,12,03,13,30,0000,0000,16349
03103,12,03,13,30,0000,0000,16196
00257,12,03,13,30,0000,0000,13350
03140,12,03,13,30,0000,0000,16233
03205,12,03,13,30,0000,0000,16298
00240,12,03,13,30,0000,0000,13333
00181,12,03,13,30,0000,0000,13274
00270,12,03,13,30,0000,0000,13363
03237,12,03,13,30,0000,0000,16330
01014,12,03,13,30,0000,0000,14107
03115,12,03,13,30,0000,0000,16208
03115,12,03,13,31,0000,0000,16464
00301,12,03,13,31,0000,0000,13650
03247,12,03,13,31,0000,0000,16596
03242,12,03,13,31,0000,0000,16591
00155,12,03,13,31,0000,0000,13504
03246,12,03,13,31,0000,0000,16595
00299,12,03,13,31,0000,0000,13648
03245,12,03,13,31,0000,0000,16594
03243,12,03,13,31,0000,0000,16592
03251,12,03,13,31,0000,0000,16600
00010,12,03,13,31,0000,0000,13359
03254,12,03,13,31,0000,0000,16603
03253,12,03,13,31,0000,0000,16602
03255,12,03,13,31,0000,0000,16604
03248,12,03,13,31,0000,0000,16597
00261,12,03,13,31,0000,0000,13610
00682,12,03,13,31,0000,0000,14031
00300,12,03,13,31,0000,0000,13649
03223,12,03,13,31,0000,0000,16572
03219,12,03,13,31,0000,0000,16568
00225,12,03,13,31,0000,0000,13574
00156,12,03,13,31,0000,0000,13505
03186,12,03,13,31,0000,0000,16535
00120,12,03,13,32,0000,0000,13725
00312,12,03,13,32,0000,0000,13917
00012,12,03,13,32,0000,0000,13617
00050,12,03,13,32,0000,0000,13655
00050,12,03,13,32,0000,0000,13655
03142,12,03,13,32,0000,0000,16747
03166,12,03,13,32,0000,0000,16771
00114,12,03,13,32,0000,0000,13719
00114,12,03,13,32,0000,0000,13719
00134,12,03,13,32,0000,0000,13739
03201,12,03,13,32,0000,0000,16806
00003,12,03,13,33,0000,0000,13864
00324,12,03,13,33,0000,0000,14185
03126,12,03,13,33,0000,0000,16987
00502,12,03,13,35,0000,0000,14875
00171,12,03,13,35,0000,0000,14544
00100,12,03,13,35,0000,0000,14473
00230,12,03,13,59,0000,0000,23819
03241,12,03,13,59,0000,0000,26830
00017,12,03,14,00,0000,0000,00823
03107,12,03,14,00,0000,0000,03913
00178,12,03,14,00,0000,0000,00984
03249,12,03,14,01,0000,0000,04311
00222,12,03,14,02,0000,0000,01540
03106,12,03,14,02,0000,0000,04424
03182,12,03,14,02,0000,0000,04500
00315,12,03,14,02,0000,0000,01633
04110,12,03,14,02,0000,0000,05428
00272,12,03,14,02,0000,0000,01590
03111,12,03,14,02,0000,0000,04429
00321,12,03,14,02,0000,0000,01639
03113,12,03,14,02,0000,0000,04431
00217,12,03,14,02,0000,0000,01535
08888,12,03,14,02,0000,0000,10206
00510,12,03,14,02,0000,0000,01828
03177,12,03,14,03,0000,0000,04751
03167,12,03,14,03,0000,0000,04741
03228,12,03,14,03,0000,0000,04802
00512,12,03,14,06,0000,0000,02854
00509,12,03,14,07,0000,0000,03107
00511,12,03,14,07,0000,0000,03109
00504,12,03,14,07,0000,0000,03102
00501,12,03,14,07,0000,0000,03099
00248,12,03,14,08,0000,0000,03102
03132,12,03,14,38,0000,0000,18274
00040,12,03,14,49,0000,0000,19534
00315,12,03,14,49,0000,0000,19809
00315,12,03,14,49,0000,0000,19809
00315,12,03,14,49,0000,0000,19809
00270,12,03,14,49,0000,0000,19764
03182,12,03,14,50,0000,0000,24468
00017,12,03,14,50,0000,0000,21303
00178,12,03,14,50,0000,0000,21464
00050,12,03,14,50,0000,0000,21336
00050,12,03,14,50,0000,0000,21336
03219,12,03,14,50,0000,0000,24505
03228,12,03,14,50,0000,0000,24514
03255,12,03,14,50,0000,0000,24541
03201,12,03,14,51,0000,0000,24743
03223,12,03,14,51,0000,0000,24765
03242,12,03,14,51,0000,0000,24784
03251,12,03,14,51,0000,0000,24793
00162,12,03,14,51,0000,0000,21704
03241,12,03,14,51,0000,0000,24783
00301,12,03,14,52,0000,0000,22099
03249,12,03,14,52,0000,0000,25047
03237,12,03,14,52,0000,0000,25035
03246,12,03,14,52,0000,0000,25044
03248,12,03,14,52,0000,0000,25046
03142,12,03,14,52,0000,0000,24940
00230,12,03,14,52,0000,0000,22028
03205,12,03,14,52,0000,0000,25003
03113,12,03,14,53,0000,0000,25167
00300,12,03,14,53,0000,0000,22354
00155,12,03,14,53,0000,0000,22209
00907,12,03,14,53,0000,0000,22961
03166,12,03,14,53,0000,0000,25220
03247,12,03,14,53,0000,0000,25301
00100,12,03,14,54,0000,0000,22410
03243,12,03,14,54,0000,0000,25553
03245,12,03,14,54,0000,0000,25555
03256,12,03,14,54,0000,0000,25566
03107,12,03,14,54,0000,0000,25417
00682,12,03,14,55,0000,0000,23248
03115,12,03,14,55,0000,0000,25681
03167,12,03,14,55,0000,0000,25733
03238,12,03,14,55,0000,0000,25804
03253,12,03,14,55,0000,0000,25819
03153,12,03,14,55,0000,0000,25719
03103,12,03,14,55,0000,0000,25669
00134,12,03,14,55,0000,0000,22700
00120,12,03,14,55,0000,0000,22686
03106,12,03,14,56,0000,0000,25928
00114,12,03,14,56,0000,0000,22936
03111,12,03,14,56,0000,0000,25933
00216,12,03,14,56,0000,0000,23038
03186,12,03,14,56,0000,0000,26008
00153,12,03,14,57,0000,0000,23231
03112,12,03,14,57,0000,0000,26190
00181,12,03,14,57,0000,0000,23259
00261,12,03,14,57,0000,0000,23339
00116,12,03,14,57,0000,0000,23194
04110,12,03,14,57,0000,0000,27188
00240,12,03,14,57,0000,0000,23318
00225,12,03,14,57,0000,0000,23303
00010,12,03,14,57,0000,0000,23088
03254,12,03,14,58,0000,0000,26588
00322,12,03,14,58,0000,0000,23656
00321,12,03,14,58,0000,0000,23655
00217,12,03,14,58,0000,0000,23551
03126,12,03,14,59,0000,0000,26716
03236,12,03,14,59,0000,0000,26826
00505,12,03,14,59,0000,0000,24095
00171,12,03,15,00,0000,0000,00978
03125,12,03,15,00,0000,0000,03932
00312,12,03,15,00,0000,0000,01119
03177,12,03,15,00,0000,0000,03984
00012,12,03,15,00,0000,0000,00819
00156,12,03,15,01,0000,0000,01219
00324,12,03,15,01,0000,0000,01387
00003,12,03,15,01,0000,0000,01066
03140,12,03,15,01,0000,0000,04203
00272,12,03,15,01,0000,0000,01335
00299,12,03,15,04,0000,0000,02130
00121,12,03,15,10,0000,0000,05024
00502,12,03,15,15,0000,0000,06685
00504,12,03,15,25,0000,0000,10783
01014,12,03,15,27,0000,0000,11805
00121,12,03,15,47,0000,0000,19104
00248,12,03,16,01,0000,0000,01312
00511,12,03,16,01,0000,0000,01575
00512,12,03,16,02,0000,0000,01832
00510,12,03,16,04,0000,0000,02342
08888,12,03,16,11,0000,0000,14048
00501,12,03,16,13,0000,0000,06173
00324,12,03,18,50,0000,0000,21614
00248,12,03,19,20,0000,0000,09251
00505,12,03,19,21,0000,0000,09764
08888,12,03,19,31,0000,0000,22243
00510,12,03,19,49,0000,0000,20009
00511,12,03,19,56,0000,0000,23338
00504,12,03,20,03,0000,0000,02090
00324,12,03,20,06,0000,0000,02678
03205,12,03,20,19,0000,0000,10423
03126,12,03,20,20,0000,0000,12136
00240,12,03,20,20,0000,0000,09250
00907,12,03,20,20,0000,0000,09917
00216,12,03,20,20,0000,0000,09226
00010,12,03,20,20,0000,0000,09020
03246,12,03,20,20,0000,0000,12256
00012,12,03,20,20,0000,0000,09022
00178,12,03,20,20,0000,0000,09188
03245,12,03,20,20,0000,0000,12255
00261,12,03,20,20,0000,0000,09271
03153,12,03,20,20,0000,0000,12163
03236,12,03,20,20,0000,0000,12246
03242,12,03,20,20,0000,0000,12252
03243,12,03,20,20,0000,0000,12253
00162,12,03,20,20,0000,0000,09172
03251,12,03,20,21,0000,0000,12517
00312,12,03,20,21,0000,0000,09578
00155,12,03,20,21,0000,0000,09421
03223,12,03,20,21,0000,0000,12489
03112,12,03,20,21,0000,0000,12378
03107,12,03,20,21,0000,0000,12373
03247,12,03,20,21,0000,0000,12513
00682,12,03,20,21,0000,0000,09948
00050,12,03,20,21,0000,0000,09316
03248,12,03,20,21,0000,0000,12514
00301,12,03,20,21,0000,0000,09567
03253,12,03,20,21,0000,0000,12519
00114,12,03,20,21,0000,0000,09380
03254,12,03,20,21,0000,0000,12520
03219,12,03,20,21,0000,0000,12485
00017,12,03,20,21,0000,0000,09283
03238,12,03,20,22,0000,0000,12760
00134,12,03,20,22,0000,0000,09656
00134,12,03,20,22,0000,0000,09656
00134,12,03,20,22,0000,0000,09656
00153,12,03,20,22,0000,0000,09675
00153,12,03,20,22,0000,0000,09675
03182,12,03,20,22,0000,0000,12704
00120,12,03,20,22,0000,0000,09642
03113,12,03,20,22,0000,0000,12635
03142,12,03,20,23,0000,0000,12920
00217,12,03,20,23,0000,0000,09995
03186,12,03,20,23,0000,0000,12964
00512,12,03,20,25,0000,0000,10802
00501,12,03,20,31,0000,0000,13863
00040,12,03,20,36,0000,0000,14682
00299,12,03,20,47,0000,0000,19293
03103,12,03,20,52,0000,0000,24913
00502,12,03,21,15,0000,0000,06697
03255,12,03,21,21,0000,0000,12522
03201,12,03,21,21,0000,0000,12468
03140,12,03,21,23,0000,0000,12919
00225,12,03,21,31,0000,0000,13588
00116,12,03,21,31,0000,0000,13479
00181,12,03,21,31,0000,0000,13544
00270,12,03,21,31,0000,0000,13633
03115,12,03,21,31,0000,0000,16478
00315,12,03,21,32,0000,0000,13934
03111,12,03,21,32,0000,0000,16730
00156,12,03,21,32,0000,0000,13775
03106,12,03,21,32,0000,0000,16725
03115,12,03,21,32,0000,0000,16734
03177,12,03,21,33,0000,0000,17052
00321,12,03,21,34,0000,0000,14452
04110,12,03,21,45,0000,0000,22593
03256,12,03,21,45,0000,0000,21739
03241,12,03,21,54,0000,0000,25564
03249,12,03,21,54,0000,0000,25572
03237,12,03,22,01,0000,0000,04313
01014,12,03,22,03,0000,0000,02602
03166,12,03,22,06,0000,0000,05522
03167,12,03,22,13,0000,0000,08851
03125,12,03,22,15,0000,0000,09321
00171,12,03,22,22,0000,0000,09695
00100,12,03,22,22,0000,0000,09624
00272,12,03,22,24,0000,0000,10308
00230,12,03,22,24,0000,0000,10266
00324,12,03,22,25,0000,0000,10616
03132,12,03,22,27,0000,0000,13936
00322,12,03,22,29,0000,0000,11638
00121,12,03,23,04,0000,0000,01966
03228,12,03,23,04,0000,0000,05073
00502,12,04,07,10,0000,0000,05647
00100,12,04,07,16,0000,0000,06781
00240,12,04,07,19,0000,0000,07689
00012,12,04,07,20,0000,0000,09253
00315,12,04,07,20,0000,0000,09556
03247,12,04,07,20,0000,0000,12488
03237,12,04,07,21,0000,0000,12734
03182,12,04,07,21,0000,0000,12679
03223,12,04,07,22,0000,0000,12976
00178,12,04,07,22,0000,0000,09931
03253,12,04,07,22,0000,0000,13006
00017,12,04,07,22,0000,0000,09770
03205,12,04,07,22,0000,0000,12958
03115,12,04,07,22,0000,0000,12868
03241,12,04,07,22,0000,0000,12994
00299,12,04,07,22,0000,0000,10052
00907,12,04,07,23,0000,0000,10916
00217,12,04,07,23,0000,0000,10226
03249,12,04,07,23,0000,0000,13258
00040,12,04,07,23,0000,0000,10049
00301,12,04,07,23,0000,0000,10310
03256,12,04,07,23,0000,0000,13265
00216,12,04,07,24,0000,0000,10481
03242,12,04,07,24,0000,0000,13507
03251,12,04,07,24,0000,0000,13516
00270,12,04,07,24,0000,0000,10535
00300,12,04,07,24,0000,0000,10565
03243,12,04,07,24,0000,0000,13508
03106,12,04,07,25,0000,0000,13627
03111,12,04,07,25,0000,0000,13632
03126,12,04,07,25,0000,0000,13647
03142,12,04,07,25,0000,0000,13663
00321,12,04,07,26,0000,0000,11098
03177,12,04,07,26,0000,0000,13954
00322,12,04,07,27,0000,0000,11355
00320,12,04,07,27,0000,0000,11353
03112,12,04,07,27,0000,0000,14145
03246,12,04,07,27,0000,0000,14279
03248,12,04,07,27,0000,0000,14281
00222,12,04,07,27,0000,0000,11255
00121,12,04,07,27,0000,0000,11154
03107,12,04,07,27,0000,0000,14140
00505,12,04,07,27,0000,0000,11538
00682,12,04,07,28,0000,0000,11971
03255,12,04,07,28,0000,0000,14544
03245,12,04,07,28,0000,0000,14534
03113,12,04,07,28,0000,0000,14402
03201,12,04,07,28,0000,0000,14490
03153,12,04,07,28,0000,0000,14442
03103,12,04,07,29,0000,0000,14648
03238,12,04,07,29,0000,0000,14783
03254,12,04,07,29,0000,0000,14799
00010,12,04,07,29,0000,0000,11555
00162,12,04,07,29,0000,0000,11707
00324,12,04,07,29,0000,0000,11869
00181,12,04,07,29,0000,0000,11726
00116,12,04,07,30,0000,0000,13453
04110,12,04,07,30,0000,0000,17447
00257,12,04,07,30,0000,0000,13594
00153,12,04,07,30,0000,0000,13490
00120,12,04,07,30,0000,0000,13457
00114,12,04,07,30,0000,0000,13451
00261,12,04,07,30,0000,0000,13598
00272,12,04,07,30,0000,0000,13609
00050,12,04,07,30,0000,0000,13387
00225,12,04,07,30,0000,0000,13562
03186,12,04,07,30,0000,0000,16523
03228,12,04,07,30,0000,0000,16565
03132,12,04,07,31,0000,0000,16725
03166,12,04,07,31,0000,0000,16759
03167,12,04,07,31,0000,0000,16760
00171,12,04,07,31,0000,0000,13764
00134,12,04,07,32,0000,0000,13983
00134,12,04,07,32,0000,0000,13983
00156,12,04,07,32,0000,0000,14005
00230,12,04,07,33,0000,0000,14335
03140,12,04,07,46,0000,0000,22109
00501,12,04,08,58,0000,0000,24079
00511,12,04,09,02,0000,0000,02074
01014,12,04,09,25,0000,0000,11537
00216,12,04,11,48,0000,0000,19707
00050,12,04,12,00,0000,0000,01110
00181,12,04,12,33,0000,0000,14297
00322,12,04,13,30,0000,0000,13671
00040,12,04,13,31,0000,0000,13645
03153,12,04,13,31,0000,0000,16758
03238,12,04,13,31,0000,0000,16843
00116,12,04,13,31,0000,0000,13721
03126,12,04,13,31,0000,0000,16731
03241,12,04,13,31,0000,0000,16846
03112,12,04,13,31,0000,0000,16717
03242,12,04,13,31,0000,0000,16847
00505,12,04,13,31,0000,0000,14110
03223,12,04,13,31,0000,0000,16828
00225,12,04,13,31,0000,0000,13830
03245,12,04,13,31,0000,0000,16850
03251,12,04,13,31,0000,0000,16856
00270,12,04,13,31,0000,0000,13875
03246,12,04,13,31,0000,0000,16851
03248,12,04,13,31,0000,0000,16853
00257,12,04,13,31,0000,0000,13862
00907,12,04,13,32,0000,0000,14768
03247,12,04,13,32,0000,0000,17108
00301,12,04,13,32,0000,0000,14162
00217,12,04,13,32,0000,0000,14078
03243,12,04,13,32,0000,0000,17104
00017,12,04,13,32,0000,0000,13878
00299,12,04,13,32,0000,0000,14160
03253,12,04,13,32,0000,0000,17114
00240,12,04,13,32,0000,0000,14101
00178,12,04,13,32,0000,0000,14039
00153,12,04,13,32,0000,0000,14014
03237,12,04,13,32,0000,0000,17098
03201,12,04,13,32,0000,0000,17062
03255,12,04,13,32,0000,0000,17116
00003,12,04,13,32,0000,0000,13864
00324,12,04,13,33,0000,0000,14441
03254,12,04,13,33,0000,0000,17371
03113,12,04,13,33,0000,0000,17230
00120,12,04,13,33,0000,0000,14237
00222,12,04,13,33,0000,0000,14339
03186,12,04,13,33,0000,0000,17303
03249,12,04,13,33,0000,0000,17366
03132,12,04,13,34,0000,0000,17505
00171,12,04,13,34,0000,0000,14544
00100,12,04,13,36,0000,0000,14985
00502,12,04,13,36,0000,0000,15387
00230,12,04,13,37,0000,0000,15371
00272,12,04,13,45,0000,0000,18997
00156,12,04,13,47,0000,0000,19393
01014,12,04,13,53,0000,0000,23323
03140,12,04,14,00,0000,0000,04202
03115,12,04,14,00,0000,0000,04177
03107,12,04,14,00,0000,0000,04169
03107,12,04,14,00,0000,0000,04169
00321,12,04,14,00,0000,0000,01383
04110,12,04,14,01,0000,0000,05428
03111,12,04,14,01,0000,0000,04429
03167,12,04,14,01,0000,0000,04485
03106,12,04,14,01,0000,0000,04424
03166,12,04,14,01,0000,0000,04484
00315,12,04,14,01,0000,0000,01633
03228,12,04,14,02,0000,0000,04802
03177,12,04,14,03,0000,0000,05007
03182,12,04,14,08,0000,0000,06292
00121,12,04,14,08,0000,0000,03231
00511,12,04,14,09,0000,0000,03877
03205,12,04,14,15,0000,0000,09643
03142,12,04,14,15,0000,0000,09580
00162,12,04,14,15,0000,0000,06600
00134,12,04,14,15,0000,0000,06572
00320,12,04,14,15,0000,0000,06758
00010,12,04,14,15,0000,0000,06448
00114,12,04,14,16,0000,0000,06808
00261,12,04,14,16,0000,0000,06955
00300,12,04,14,16,0000,0000,06994
00012,12,04,14,18,0000,0000,07218
03103,12,04,14,18,0000,0000,10309
00320,12,04,14,19,0000,0000,07782
00270,12,04,14,49,0000,0000,20020
00315,12,04,14,50,0000,0000,21857
03113,12,04,14,50,0000,0000,24655
00116,12,04,14,51,0000,0000,21914
00040,12,04,14,51,0000,0000,21838
00907,12,04,14,51,0000,0000,22705
00225,12,04,14,52,0000,0000,22279
03247,12,04,14,52,0000,0000,25301
00257,12,04,14,52,0000,0000,22311
03255,12,04,14,53,0000,0000,25565
03201,12,04,14,53,0000,0000,25511
00682,12,04,14,53,0000,0000,22992
03182,12,04,14,53,0000,0000,25492
00178,12,04,14,53,0000,0000,22488
00299,12,04,14,53,0000,0000,22609
00017,12,04,14,54,0000,0000,22583
00153,12,04,14,54,0000,0000,22719
03223,12,04,14,54,0000,0000,25789
03112,12,04,14,54,0000,0000,25678
03228,12,04,14,54,0000,0000,25794
03246,12,04,14,54,0000,0000,25812
00301,12,04,14,54,0000,0000,22867
03248,12,04,14,54,0000,0000,25814
03256,12,04,14,55,0000,0000,26078
03107,12,04,14,55,0000,0000,25929
00217,12,04,14,55,0000,0000,23039
03238,12,04,14,55,0000,0000,26060
03153,12,04,14,55,0000,0000,25975
03126,12,04,14,55,0000,0000,25948
03237,12,04,14,55,0000,0000,26059
00240,12,04,14,55,0000,0000,23062
03243,12,04,14,55,0000,0000,26065
03242,12,04,14,55,0000,0000,26064
03115,12,04,14,55,0000,0000,25937
03251,12,04,14,55,0000,0000,26073
04110,12,04,14,56,0000,0000,27188
00230,12,04,14,56,0000,0000,23308
00121,12,04,14,56,0000,0000,23199
03132,12,04,14,56,0000,0000,26210
03106,12,04,14,56,0000,0000,26184
03111,12,04,14,56,0000,0000,26189
00100,12,04,14,56,0000,0000,23178
00321,12,04,14,57,0000,0000,23655
00322,12,04,14,57,0000,0000,23656
00156,12,04,14,57,0000,0000,23490
03249,12,04,14,57,0000,0000,26583
03241,12,04,14,57,0000,0000,26575
00181,12,04,14,58,0000,0000,23771
03177,12,04,14,58,0000,0000,26767
03167,12,04,14,58,0000,0000,26757
03186,12,04,14,59,0000,0000,27032
03236,12,04,15,00,0000,0000,04299
03236,12,04,15,00,0000,0000,04299
00505,12,04,15,00,0000,0000,01568
00324,12,04,15,01,0000,0000,01643
00003,12,04,15,01,0000,0000,01322
00171,12,04,15,01,0000,0000,01490
00272,12,04,15,02,0000,0000,01847
03140,12,04,15,02,0000,0000,04715
03245,12,04,15,02,0000,0000,04820
00012,12,04,15,12,0000,0000,05683
00502,12,04,15,26,0000,0000,11293
01014,12,04,15,26,0000,0000,11805
00100,12,06,09,33,0000,0000,14719
00504,12,06,09,34,0000,0000,15379
00162,12,06,12,30,0000,0000,14022
00040,12,06,12,31,0000,0000,14156
00216,12,06,12,31,0000,0000,14332
00178,12,06,12,31,0000,0000,14294
00155,12,06,12,31,0000,0000,14271
03142,12,06,12,31,0000,0000,17258
03107,12,06,12,31,0000,0000,17223
00010,12,06,12,31,0000,0000,14126
00907,12,06,12,31,0000,0000,15023
00270,12,06,12,32,0000,0000,14642
03205,12,06,12,32,0000,0000,17577
03126,12,06,12,32,0000,0000,17498
03112,12,06,12,32,0000,0000,17484
00120,12,06,12,32,0000,0000,14492
03111,12,06,12,32,0000,0000,17483
03254,12,06,12,32,0000,0000,17626
00261,12,06,12,32,0000,0000,14633
00217,12,06,12,32,0000,0000,14589
03115,12,06,12,32,0000,0000,17487
00299,12,06,12,32,0000,0000,14671
00240,12,06,12,32,0000,0000,14612
03182,12,06,12,32,0000,0000,17554
00114,12,06,12,32,0000,0000,14486
00012,12,06,12,32,0000,0000,14384
03177,12,06,12,33,0000,0000,17805
03177,12,06,12,33,0000,0000,17805
00321,12,06,12,33,0000,0000,14949
00116,12,06,12,33,0000,0000,14744
03253,12,06,12,33,0000,0000,17881
03113,12,06,12,33,0000,0000,17741
00682,12,06,12,33,0000,0000,15310
03106,12,06,12,33,0000,0000,17734
00315,12,06,12,33,0000,0000,14943
00003,12,06,12,33,0000,0000,14631
00134,12,06,12,34,0000,0000,15018
00156,12,06,12,34,0000,0000,15040
00153,12,06,12,34,0000,0000,15037
00153,12,06,12,34,0000,0000,15037
00012,12,06,12,35,0000,0000,15152
00225,12,06,12,35,0000,0000,15365
03125,12,06,12,36,0000,0000,18521
00301,12,06,12,36,0000,0000,15697
00300,12,06,12,36,0000,0000,15696
04110,12,06,12,39,0000,0000,20274
00181,12,06,12,41,0000,0000,18393
00322,12,06,12,46,0000,0000,19814
03103,12,06,12,46,0000,0000,22595
03167,12,06,12,48,0000,0000,23171
03166,12,06,12,48,0000,0000,23170
00121,12,06,12,50,0000,0000,22173
03255,12,06,12,53,0000,0000,26075
03132,12,06,12,53,0000,0000,25952
03140,12,06,12,53,0000,0000,25960
03201,12,06,12,54,0000,0000,26277
03249,12,06,12,58,0000,0000,27349
03228,12,06,13,00,0000,0000,04801
00502,12,06,13,03,0000,0000,02843
00230,12,06,13,04,0000,0000,02827
03256,12,06,13,04,0000,0000,05853
00272,12,06,13,06,0000,0000,03381
00171,12,06,13,06,0000,0000,03280
00100,12,06,13,06,0000,0000,03209
00504,12,06,13,39,0000,0000,16669
00324,12,06,14,30,0000,0000,14186
00322,12,06,14,58,0000,0000,24424
00322,12,06,16,31,0000,0000,14442
00100,12,07,07,14,0000,0000,07037
03249,12,07,07,17,0000,0000,10954
00502,12,07,07,17,0000,0000,08207
00240,12,07,07,18,0000,0000,08201
03223,12,07,07,19,0000,0000,11440
03182,12,07,07,19,0000,0000,11399
00222,12,07,07,19,0000,0000,08439
00315,12,07,07,19,0000,0000,08532
03250,12,07,07,19,0000,0000,11467
00270,12,07,07,20,0000,0000,10279
00121,12,07,07,20,0000,0000,10130
00040,12,07,07,20,0000,0000,10049
00178,12,07,07,21,0000,0000,10443
00012,12,07,07,21,0000,0000,10277
03205,12,07,07,21,0000,0000,13470
00155,12,07,07,21,0000,0000,10420
03126,12,07,07,21,0000,0000,13391
03256,12,07,07,22,0000,0000,13777
03115,12,07,07,22,0000,0000,13636
03142,12,07,07,23,0000,0000,13919
00216,12,07,07,24,0000,0000,11249
00134,12,07,07,25,0000,0000,11423
00114,12,07,07,25,0000,0000,11403
00153,12,07,07,25,0000,0000,11442
00120,12,07,07,25,0000,0000,11409
03201,12,07,07,26,0000,0000,14746
03248,12,07,07,26,0000,0000,14793
00312,12,07,07,26,0000,0000,11857
00907,12,07,07,26,0000,0000,12452
03132,12,07,07,26,0000,0000,14677
00050,12,07,07,26,0000,0000,11595
00217,12,07,07,26,0000,0000,11762
00301,12,07,07,26,0000,0000,11846
00300,12,07,07,26,0000,0000,11845
03255,12,07,07,26,0000,0000,14800
03253,12,07,07,27,0000,0000,15054
00321,12,07,07,27,0000,0000,12122
00324,12,07,07,27,0000,0000,12125
00322,12,07,07,27,0000,0000,12123
03103,12,07,07,27,0000,0000,14904
03111,12,07,07,27,0000,0000,14912
03106,12,07,07,27,0000,0000,14907
00003,12,07,07,27,0000,0000,11804
00682,12,07,07,27,0000,0000,12483
00181,12,07,07,27,0000,0000,11982
00116,12,07,07,27,0000,0000,11917
03246,12,07,07,27,0000,0000,15047
00225,12,07,07,28,0000,0000,12282
00261,12,07,07,28,0000,0000,12318
00162,12,07,07,28,0000,0000,12219
04110,12,07,07,28,0000,0000,16167
03177,12,07,07,29,0000,0000,15490
03113,12,07,07,29,0000,0000,15426
00505,12,07,07,29,0000,0000,12818
03107,12,07,07,29,0000,0000,15420
00171,12,07,07,29,0000,0000,12484
03254,12,07,07,29,0000,0000,15567
00010,12,07,07,29,0000,0000,12323
03167,12,07,07,30,0000,0000,17272
03236,12,07,07,30,0000,0000,17341
03228,12,07,07,30,0000,0000,17333
03166,12,07,07,30,0000,0000,17271
00272,12,07,07,31,0000,0000,14633
03140,12,07,07,31,0000,0000,17501
00156,12,07,07,31,0000,0000,14517
00230,12,07,07,32,0000,0000,14847
08888,12,07,08,53,0000,0000,31954
01014,12,07,09,01,0000,0000,03089
00504,12,07,09,07,0000,0000,04115
00322,12,07,13,31,0000,0000,14695
00300,12,07,13,31,0000,0000,14673
00178,12,07,13,31,0000,0000,14551
00216,12,07,13,31,0000,0000,14589
00010,12,07,13,31,0000,0000,14383
03126,12,07,13,31,0000,0000,17499
03126,12,07,13,31,0000,0000,17499
00321,12,07,13,31,0000,0000,14694
03140,12,07,13,31,0000,0000,17513
03223,12,07,13,31,0000,0000,17596
03236,12,07,13,31,0000,0000,17609
00181,12,07,13,31,0000,0000,14554
00040,12,07,13,31,0000,0000,14413
00155,12,07,13,31,0000,0000,14528
03115,12,07,13,31,0000,0000,17488
00120,12,07,13,31,0000,0000,14493
03201,12,07,13,31,0000,0000,17574
03106,12,07,13,31,0000,0000,17479
00907,12,07,13,31,0000,0000,15280
03256,12,07,13,31,0000,0000,17629
00153,12,07,13,31,0000,0000,14526
00162,12,07,13,32,0000,0000,14791
03253,12,07,13,32,0000,0000,17882
03107,12,07,13,32,0000,0000,17736
03255,12,07,13,32,0000,0000,17884
00270,12,07,13,32,0000,0000,14899
00505,12,07,13,32,0000,0000,15134
00261,12,07,13,32,0000,0000,14890
03246,12,07,13,32,0000,0000,17875
03205,12,07,13,32,0000,0000,17834
00116,12,07,13,32,0000,0000,14745
03142,12,07,13,32,0000,0000,17771
03103,12,07,13,32,0000,0000,17732
00312,12,07,13,32,0000,0000,14941
00301,12,07,13,32,0000,0000,14930
03167,12,07,13,32,0000,0000,17796
03254,12,07,13,32,0000,0000,17883
03248,12,07,13,32,0000,0000,17877
03249,12,07,13,32,0000,0000,17878
03182,12,07,13,32,0000,0000,17811
00682,12,07,13,32,0000,0000,15311
00225,12,07,13,32,0000,0000,14854
03111,12,07,13,32,0000,0000,17740
00156,12,07,13,32,0000,0000,14785
00134,12,07,13,33,0000,0000,15019
00272,12,07,13,33,0000,0000,15157
04110,12,07,13,33,0000,0000,18995
00114,12,07,13,33,0000,0000,14999
01014,12,07,13,33,0000,0000,15899
00240,12,07,13,33,0000,0000,15125
03113,12,07,13,33,0000,0000,17998
00003,12,07,13,33,0000,0000,14888
00324,12,07,13,33,0000,0000,15209
03177,12,07,13,33,0000,0000,18062
00012,12,07,13,33,0000,0000,14897
03132,12,07,13,33,0000,0000,18017
00315,12,07,13,33,0000,0000,15200
03250,12,07,13,33,0000,0000,18135
00222,12,07,13,33,0000,0000,15107
00171,12,07,13,34,0000,0000,15312
00100,12,07,13,34,0000,0000,15241
03166,12,07,13,41,0000,0000,21635
00230,12,07,13,51,0000,0000,22795
03228,12,07,14,06,0000,0000,06594
08888,12,07,14,06,0000,0000,12254
00504,12,07,14,06,0000,0000,03870
00121,12,07,14,30,0000,0000,14239
00003,12,07,14,44,0000,0000,19241
00320,12,07,14,47,0000,0000,20326
03253,12,07,14,47,0000,0000,23259
00315,12,07,14,48,0000,0000,20577
00155,12,07,14,48,0000,0000,20417
00270,12,07,14,48,0000,0000,20532
03113,12,07,14,49,0000,0000,23631
00040,12,07,14,49,0000,0000,20558
00040,12,07,14,49,0000,0000,20558
03182,12,07,14,49,0000,0000,23700
00178,12,07,14,49,0000,0000,20696
00050,12,07,14,49,0000,0000,20568
03223,12,07,14,49,0000,0000,23741
03205,12,07,14,50,0000,0000,25515
00216,12,07,14,50,0000,0000,22526
00301,12,07,14,51,0000,0000,22867
03107,12,07,14,51,0000,0000,25673
00300,12,07,14,51,0000,0000,22866
03201,12,07,14,51,0000,0000,25767
03255,12,07,14,52,0000,0000,26077
03256,12,07,14,52,0000,0000,26078
03228,12,07,14,52,0000,0000,26050
00217,12,07,14,52,0000,0000,23039
03126,12,07,14,52,0000,0000,25948
00121,12,07,14,53,0000,0000,23199
03249,12,07,14,53,0000,0000,26327
03246,12,07,14,54,0000,0000,26580
00230,12,07,14,54,0000,0000,23564
03111,12,07,14,54,0000,0000,26445
03111,12,07,14,54,0000,0000,26445
03106,12,07,14,54,0000,0000,26440
03103,12,07,14,55,0000,0000,26693
00100,12,07,14,55,0000,0000,23690
03167,12,07,14,55,0000,0000,26757
04110,12,07,14,55,0000,0000,27700
00261,12,07,14,56,0000,0000,24107
03115,12,07,14,56,0000,0000,26961
00321,12,07,14,56,0000,0000,24167
00171,12,07,14,56,0000,0000,24017
00322,12,07,14,56,0000,0000,24168
00181,12,07,14,56,0000,0000,24027
00010,12,07,14,57,0000,0000,24112
03132,12,07,14,57,0000,0000,27234
03254,12,07,14,57,0000,0000,27356
00257,12,07,14,57,0000,0000,24359
00153,12,07,14,57,0000,0000,24255
00240,12,07,14,57,0000,0000,24342
00682,12,07,14,57,0000,0000,24784
00114,12,07,14,57,0000,0000,24216
03166,12,07,14,57,0000,0000,27268
03142,12,07,14,57,0000,0000,27244
00225,12,07,14,57,0000,0000,24327
00120,12,07,14,58,0000,0000,24478
00134,12,07,14,58,0000,0000,24492
00156,12,07,14,58,0000,0000,24514
00324,12,07,14,59,0000,0000,24938
00312,12,07,15,00,0000,0000,02143
03250,12,07,15,00,0000,0000,05081
03177,12,07,15,00,0000,0000,05008
03125,12,07,15,00,0000,0000,04956
03236,12,07,15,00,0000,0000,05067
00012,12,07,15,00,0000,0000,01843
00272,12,07,15,00,0000,0000,02103
00505,12,07,15,00,0000,0000,02336
03140,12,07,15,00,0000,0000,04971
00502,12,07,15,11,0000,0000,06685
01014,12,07,15,27,0000,0000,12829
08888,12,07,15,53,0000,0000,31967
00504,12,07,16,01,0000,0000,02592
00230,12,07,16,40,0000,0000,18446
00230,12,07,18,01,0000,0000,02320
08888,12,07,19,21,0000,0000,19171
00504,12,07,19,31,0000,0000,14883
03236,12,07,19,32,0000,0000,17871
00010,12,07,19,32,0000,0000,14645
03223,12,07,19,32,0000,0000,17858
00178,12,07,19,32,0000,0000,14813
00240,12,07,19,32,0000,0000,14875
00155,12,07,19,32,0000,0000,14790
00050,12,07,19,32,0000,0000,14685
00225,12,07,19,32,0000,0000,14860
03142,12,07,19,33,0000,0000,18033
00270,12,07,19,33,0000,0000,15161
00217,12,07,19,33,0000,0000,15108
00312,12,07,19,33,0000,0000,15203
00134,12,07,19,33,0000,0000,15025
00134,12,07,19,33,0000,0000,15025
03126,12,07,19,33,0000,0000,18017
03126,12,07,19,33,0000,0000,18017
00321,12,07,19,33,0000,0000,15212
00320,12,07,19,33,0000,0000,15211
00216,12,07,19,33,0000,0000,15107
00120,12,07,19,33,0000,0000,15011
00040,12,07,19,33,0000,0000,14931
03246,12,07,19,33,0000,0000,18137
03205,12,07,19,33,0000,0000,18096
03106,12,07,19,33,0000,0000,17997
03111,12,07,19,33,0000,0000,18002
03115,12,07,19,33,0000,0000,18006
00261,12,07,19,34,0000,0000,15408
03182,12,07,19,34,0000,0000,18329
00300,12,07,19,34,0000,0000,15447
03177,12,07,19,34,0000,0000,18324
00315,12,07,19,34,0000,0000,15462
00682,12,07,19,34,0000,0000,15829
00257,12,07,19,34,0000,0000,15404
00153,12,07,19,34,0000,0000,15300
00153,12,07,19,34,0000,0000,15300
03250,12,07,19,34,0000,0000,18397
03250,12,07,19,34,0000,0000,18397
00301,12,07,19,34,0000,0000,15448
00114,12,07,19,35,0000,0000,15517
03107,12,07,19,35,0000,0000,18510
00003,12,07,19,36,0000,0000,15662
00012,12,07,19,36,0000,0000,15671
04110,12,07,19,39,0000,0000,20537
03125,12,07,19,39,0000,0000,19552
03167,12,07,19,42,0000,0000,21898
03103,12,07,19,42,0000,0000,21834
03201,12,07,19,44,0000,0000,22444
00181,12,07,19,46,0000,0000,19936
00156,12,07,19,46,0000,0000,19911
00324,12,07,19,46,0000,0000,20079
00505,12,07,19,58,0000,0000,24868
03255,12,07,20,01,0000,0000,05353
03140,12,07,20,03,0000,0000,05750
03140,12,07,20,03,0000,0000,05750
03140,12,07,20,03,0000,0000,05750
03132,12,07,20,12,0000,0000,09582
03256,12,07,20,14,0000,0000,10218
00502,12,07,20,21,0000,0000,10792
01014,12,07,20,24,0000,0000,12072
00121,12,07,20,31,0000,0000,14507
00272,12,07,20,32,0000,0000,14914
03228,12,07,20,34,0000,0000,18382
00230,12,07,20,43,0000,0000,19224
00100,12,07,21,09,0000,0000,04247
03253,12,07,21,38,0000,0000,19432
03249,12,07,21,39,0000,0000,19684
03113,12,07,21,39,0000,0000,19548
03254,12,07,21,39,0000,0000,19689
00171,12,07,21,45,0000,0000,19678
03166,12,07,21,45,0000,0000,22673
00322,12,07,21,55,0000,0000,23925
01014,12,08,09,45,0000,0000,20753
01014,12,08,12,00,0000,0000,03098
00324,12,08,12,30,0000,0000,14696
00324,12,08,13,36,0000,0000,16233
00324,12,08,13,59,0000,0000,25193
00324,12,08,16,46,0000,0000,20332
00324,12,08,17,02,0000,0000,02925
00121,12,09,07,00,0000,0000,02450
00100,12,09,07,01,0000,0000,02685
00502,12,09,07,14,0000,0000,07951
00270,12,09,07,19,0000,0000,08999
03256,12,09,07,19,0000,0000,11985
03237,12,09,07,20,0000,0000,13758
03223,12,09,07,20,0000,0000,13744
03205,12,09,07,20,0000,0000,13726
00217,12,09,07,20,0000,0000,10738
00301,12,09,07,20,0000,0000,10822
00017,12,09,07,20,0000,0000,10538
00012,12,09,07,20,0000,0000,10533
00315,12,09,07,20,0000,0000,10836
00155,12,09,07,21,0000,0000,10932
00040,12,09,07,22,0000,0000,11073
03115,12,09,07,22,0000,0000,14148
00178,12,09,07,22,0000,0000,11211
00240,12,09,07,22,0000,0000,11273
03126,12,09,07,23,0000,0000,14415
00216,12,09,07,23,0000,0000,11505
00907,12,09,07,24,0000,0000,12452
03142,12,09,07,24,0000,0000,14687
03251,12,09,07,24,0000,0000,14796
03111,12,09,07,25,0000,0000,14912
03242,12,09,07,25,0000,0000,15043
00181,12,09,07,25,0000,0000,11982
00153,12,09,07,25,0000,0000,11954
00171,12,09,07,25,0000,0000,11972
00134,12,09,07,26,0000,0000,12191
00116,12,09,07,26,0000,0000,12173
00312,12,09,07,26,0000,0000,12369
03219,12,09,07,26,0000,0000,15276
00299,12,09,07,26,0000,0000,12356
00225,12,09,07,26,0000,0000,12282
00120,12,09,07,26,0000,0000,12177
00114,12,09,07,26,0000,0000,12171
03248,12,09,07,26,0000,0000,15305
03132,12,09,07,26,0000,0000,15189
03250,12,09,07,27,0000,0000,15563
03250,12,09,07,27,0000,0000,15563
03246,12,09,07,28,0000,0000,15815
00222,12,09,07,28,0000,0000,12791
00261,12,09,07,28,0000,0000,12830
03146,12,09,07,28,0000,0000,15715
03146,12,09,07,28,0000,0000,15715
00156,12,09,07,28,0000,0000,12725
00003,12,09,07,28,0000,0000,12572
00322,12,09,07,28,0000,0000,12891
00321,12,09,07,29,0000,0000,13146
03113,12,09,07,29,0000,0000,15938
00682,12,09,07,29,0000,0000,13507
03177,12,09,07,29,0000,0000,16002
00162,12,09,07,29,0000,0000,12987
03153,12,09,07,29,0000,0000,15978
00010,12,09,07,29,0000,0000,12835
04110,12,09,07,29,0000,0000,16935
03167,12,09,07,29,0000,0000,15992
03112,12,09,07,29,0000,0000,15937
03186,12,09,07,29,0000,0000,16011
00020,12,09,07,30,0000,0000,14637
03228,12,09,07,30,0000,0000,17845
00272,12,09,07,30,0000,0000,14889
03201,12,09,07,30,0000,0000,17818
03255,12,09,07,30,0000,0000,17872
03166,12,09,07,30,0000,0000,17783
03140,12,09,07,30,0000,0000,17757
03107,12,09,07,30,0000,0000,17724
00505,12,09,07,31,0000,0000,15378
00324,12,09,07,31,0000,0000,15197
03236,12,09,07,31,0000,0000,18109
00230,12,09,07,33,0000,0000,15615
03243,12,09,07,58,0000,0000,28100
01014,12,09,08,44,0000,0000,20752
00511,12,09,08,56,0000,0000,24857
00504,12,09,08,59,0000,0000,25618
00248,12,09,09,03,0000,0000,03347
08888,12,09,09,06,0000,0000,12755
00509,12,09,09,07,0000,0000,04632
00505,12,09,13,31,0000,0000,15390
03140,12,09,13,31,0000,0000,18025
00322,12,09,13,31,0000,0000,15207
00020,12,09,13,31,0000,0000,14905
00040,12,09,13,31,0000,0000,14925
00116,12,09,13,31,0000,0000,15001
00162,12,09,13,31,0000,0000,15047
00216,12,09,13,31,0000,0000,15101
00181,12,09,13,31,0000,0000,15066
00321,12,09,13,31,0000,0000,15206
00907,12,09,13,31,0000,0000,15792
00225,12,09,13,31,0000,0000,15110
03112,12,09,13,31,0000,0000,17997
00153,12,09,13,31,0000,0000,15038
00017,12,09,13,32,0000,0000,15158
03223,12,09,13,32,0000,0000,18364
00217,12,09,13,32,0000,0000,15358
03242,12,09,13,32,0000,0000,18383
03142,12,09,13,32,0000,0000,18283
03126,12,09,13,32,0000,0000,18267
03251,12,09,13,32,0000,0000,18392
03205,12,09,13,32,0000,0000,18346
00312,12,09,13,32,0000,0000,15453
03255,12,09,13,32,0000,0000,18396
00240,12,09,13,32,0000,0000,15381
03115,12,09,13,32,0000,0000,18256
04110,12,09,13,32,0000,0000,19251
00010,12,09,13,32,0000,0000,15151
00230,12,09,13,32,0000,0000,15371
00270,12,09,13,32,0000,0000,15411
00682,12,09,13,32,0000,0000,15823
03243,12,09,13,32,0000,0000,18384
03236,12,09,13,33,0000,0000,18633
03256,12,09,13,33,0000,0000,18653
00261,12,09,13,33,0000,0000,15658
03246,12,09,13,33,0000,0000,18643
00299,12,09,13,33,0000,0000,15696
03107,12,09,13,33,0000,0000,18504
00156,12,09,13,33,0000,0000,15553
03248,12,09,13,33,0000,0000,18645
00134,12,09,13,33,0000,0000,15531
03237,12,09,13,33,0000,0000,18634
00114,12,09,13,33,0000,0000,15511
00301,12,09,13,33,0000,0000,15698
03250,12,09,13,33,0000,0000,18647
03153,12,09,13,33,0000,0000,18550
03113,12,09,13,33,0000,0000,18510
03219,12,09,13,33,0000,0000,18616
03111,12,09,13,33,0000,0000,18508
00120,12,09,13,33,0000,0000,15517
03201,12,09,13,33,0000,0000,18598
00315,12,09,13,33,0000,0000,15712
03177,12,09,13,33,0000,0000,18574
03186,12,09,13,33,0000,0000,18583
00012,12,09,13,34,0000,0000,15665
00012,12,09,13,34,0000,0000,15665
00155,12,09,13,34,0000,0000,15808
00178,12,09,13,34,0000,0000,15831
03166,12,09,13,34,0000,0000,18819
03167,12,09,13,34,0000,0000,18820
00003,12,09,13,34,0000,0000,15656
00324,12,09,13,34,0000,0000,15977
00171,12,09,13,35,0000,0000,16080
00272,12,09,13,35,0000,0000,16181
00222,12,09,13,35,0000,0000,16131
00100,12,09,13,36,0000,0000,16265
03132,12,09,13,39,0000,0000,20065
01014,12,09,13,45,0000,0000,21019
00511,12,09,14,04,0000,0000,03877
08888,12,09,14,04,0000,0000,12254
03228,12,09,14,05,0000,0000,06850
00504,12,09,14,06,0000,0000,04382
00248,12,09,14,06,0000,0000,04126
00121,12,09,14,06,0000,0000,03999
00509,12,09,14,07,0000,0000,04643
00512,12,09,14,07,0000,0000,04646
03132,12,09,14,45,0000,0000,23138
00300,12,09,14,45,0000,0000,20306
00301,12,09,14,46,0000,0000,20563
00121,12,09,14,46,0000,0000,20383
03126,12,09,14,47,0000,0000,23644
00216,12,09,14,47,0000,0000,20734
03113,12,09,14,48,0000,0000,23887
00217,12,09,14,48,0000,0000,20991
04110,12,09,14,48,0000,0000,24884
03237,12,09,14,48,0000,0000,24011
00040,12,09,14,49,0000,0000,21070
03219,12,09,14,49,0000,0000,24249
00270,12,09,14,50,0000,0000,23092
00178,12,09,14,50,0000,0000,23000
00315,12,09,14,50,0000,0000,23137
00155,12,09,14,50,0000,0000,22977
03253,12,09,14,51,0000,0000,26331
00017,12,09,14,51,0000,0000,23095
03223,12,09,14,51,0000,0000,26301
00682,12,09,14,51,0000,0000,23760
03166,12,09,14,52,0000,0000,26500
03247,12,09,14,52,0000,0000,26581
03243,12,09,14,52,0000,0000,26577
03153,12,09,14,52,0000,0000,26487
03167,12,09,14,52,0000,0000,26501
00230,12,09,14,52,0000,0000,23564
03256,12,09,14,52,0000,0000,26590
03146,12,09,14,53,0000,0000,26736
03201,12,09,14,53,0000,0000,26791
00012,12,09,14,53,0000,0000,23602
03107,12,09,14,54,0000,0000,26953
03246,12,09,14,54,0000,0000,27092
03248,12,09,14,54,0000,0000,27094
03228,12,09,14,54,0000,0000,27074
00100,12,09,14,54,0000,0000,23946
03142,12,09,14,54,0000,0000,26988
03250,12,09,14,54,0000,0000,27096
00114,12,09,14,54,0000,0000,23960
03251,12,09,14,55,0000,0000,27353
00240,12,09,14,55,0000,0000,24342
03255,12,09,14,55,0000,0000,27357
03111,12,09,14,55,0000,0000,27213
00120,12,09,14,55,0000,0000,24222
03242,12,09,14,55,0000,0000,27344
00134,12,09,14,55,0000,0000,24236
03112,12,09,14,55,0000,0000,27214
03186,12,09,14,56,0000,0000,27544
00153,12,09,14,56,0000,0000,24511
03115,12,09,14,56,0000,0000,27473
00321,12,09,14,56,0000,0000,24679
00322,12,09,14,56,0000,0000,24680
00156,12,09,14,57,0000,0000,24770
03205,12,09,14,57,0000,0000,27819
00320,12,09,14,57,0000,0000,24934
00261,12,09,14,57,0000,0000,24875
03177,12,09,14,57,0000,0000,27791
00312,12,09,14,57,0000,0000,24926
03238,12,09,14,57,0000,0000,27852
03236,12,09,14,58,0000,0000,28106
03254,12,09,14,59,0000,0000,28380
00162,12,09,14,59,0000,0000,25288
00505,12,09,14,59,0000,0000,25631
03245,12,09,14,59,0000,0000,28371
00171,12,09,15,00,0000,0000,02514
00003,12,09,15,00,0000,0000,02346
00324,12,09,15,00,0000,0000,02667
00010,12,09,15,00,0000,0000,02353
00181,12,09,15,00,0000,0000,02524
00257,12,09,15,00,0000,0000,02600
00257,12,09,15,01,0000,0000,02856
00272,12,09,15,01,0000,0000,02871
00225,12,09,15,01,0000,0000,02824
00020,12,09,15,01,0000,0000,02619
03140,12,09,15,01,0000,0000,05739
00502,12,09,15,15,0000,0000,08221
01014,12,09,15,43,0000,0000,20509
08888,12,09,15,53,0000,0000,32479
00504,12,09,16,00,0000,0000,02848
00248,12,09,16,01,0000,0000,02848
00512,12,09,16,01,0000,0000,03112
00511,12,09,16,01,0000,0000,03111
08888,12,09,18,33,0000,0000,24290
00216,12,09,18,46,0000,0000,20482
00512,12,09,19,11,0000,0000,07211
00511,12,09,19,14,0000,0000,07978
00248,12,09,19,20,0000,0000,10787
00504,12,09,20,25,0000,0000,12330
00020,12,09,20,30,0000,0000,14662
03126,12,09,20,30,0000,0000,17768
00040,12,09,20,30,0000,0000,14682
03153,12,09,20,30,0000,0000,17795
03112,12,09,20,31,0000,0000,18010
00178,12,09,20,31,0000,0000,15076
03205,12,09,20,31,0000,0000,18103
00320,12,09,20,31,0000,0000,15218
03223,12,09,20,31,0000,0000,18121
03223,12,09,20,31,0000,0000,18121
03236,12,09,20,31,0000,0000,18134
03142,12,09,20,31,0000,0000,18040
00120,12,09,20,31,0000,0000,15018
00312,12,09,20,31,0000,0000,15210
03245,12,09,20,31,0000,0000,18143
00217,12,09,20,31,0000,0000,15115
00155,12,09,20,31,0000,0000,15053
03113,12,09,20,31,0000,0000,18011
00010,12,09,20,31,0000,0000,14908
00017,12,09,20,31,0000,0000,14915
00505,12,09,20,31,0000,0000,15403
00270,12,09,20,31,0000,0000,15168
00261,12,09,20,31,0000,0000,15159
03115,12,09,20,31,0000,0000,18013
03246,12,09,20,31,0000,0000,18144
03107,12,09,20,31,0000,0000,18005
03146,12,09,20,32,0000,0000,18300
00003,12,09,20,32,0000,0000,15157
00301,12,09,20,32,0000,0000,15455
03251,12,09,20,32,0000,0000,18405
00225,12,09,20,32,0000,0000,15379
03248,12,09,20,32,0000,0000,18402
00162,12,09,20,32,0000,0000,15316
03242,12,09,20,32,0000,0000,18396
00134,12,09,20,32,0000,0000,15288
03219,12,09,20,32,0000,0000,18373
00156,12,09,20,32,0000,0000,15310
00240,12,09,20,32,0000,0000,15394
03254,12,09,20,32,0000,0000,18408
03238,12,09,20,32,0000,0000,18392
03253,12,09,20,32,0000,0000,18407
00257,12,09,20,33,0000,0000,15667
03247,12,09,20,33,0000,0000,18657
03243,12,09,20,33,0000,0000,18653
03177,12,09,20,33,0000,0000,18587
00153,12,09,20,33,0000,0000,15563
00114,12,09,20,33,0000,0000,15524
00153,12,09,20,33,0000,0000,15563
03250,12,09,20,33,0000,0000,18660
03111,12,09,20,33,0000,0000,18521
00321,12,09,20,33,0000,0000,15731
00181,12,09,20,33,0000,0000,15591
00315,12,09,20,33,0000,0000,15725
00682,12,09,20,33,0000,0000,16092
03186,12,09,20,33,0000,0000,18596
00012,12,09,20,36,0000,0000,16190
00502,12,09,20,38,0000,0000,17192
03201,12,09,20,42,0000,0000,22451
00300,12,09,20,47,0000,0000,20830
04110,12,09,20,58,0000,0000,28992
03255,12,09,21,00,0000,0000,05610
03256,12,09,21,00,0000,0000,05611
03237,12,09,21,00,0000,0000,05592
00171,12,09,21,01,0000,0000,02782
03140,12,09,21,01,0000,0000,05751
01014,12,09,21,02,0000,0000,03881
03125,12,09,21,04,0000,0000,06504
00322,12,09,21,10,0000,0000,06773
03132,12,09,21,11,0000,0000,09839
00324,12,09,21,15,0000,0000,08055
00272,12,09,21,25,0000,0000,12099
03166,12,09,21,25,0000,0000,14993
03167,12,09,21,26,0000,0000,15250
00100,12,09,21,39,0000,0000,17047
00230,12,09,21,39,0000,0000,17177
00121,12,09,21,46,0000,0000,20396
03228,12,09,21,46,0000,0000,23503
00100,12,10,07,06,0000,0000,05757
00502,12,10,07,16,0000,0000,10255
00240,12,10,07,17,0000,0000,10249
03247,12,10,07,19,0000,0000,13768
03253,12,10,07,19,0000,0000,13774
00012,12,10,07,19,0000,0000,10533
03237,12,10,07,20,0000,0000,15550
03223,12,10,07,20,0000,0000,15536
00270,12,10,07,20,0000,0000,12583
00178,12,10,07,21,0000,0000,12747
00315,12,10,07,22,0000,0000,13140
03134,12,10,07,22,0000,0000,15959
03250,12,10,07,22,0000,0000,16075
00299,12,10,07,23,0000,0000,13380
03115,12,10,07,24,0000,0000,16452
00216,12,10,07,24,0000,0000,13553
00312,12,10,07,24,0000,0000,13649
03205,12,10,07,24,0000,0000,16542
00134,12,10,07,24,0000,0000,13471
00153,12,10,07,24,0000,0000,13490
00120,12,10,07,25,0000,0000,13713
00114,12,10,07,25,0000,0000,13707
03126,12,10,07,25,0000,0000,16719
00040,12,10,07,25,0000,0000,13633
03182,12,10,07,25,0000,0000,16775
03142,12,10,07,25,0000,0000,16735
00181,12,10,07,26,0000,0000,14030
00116,12,10,07,26,0000,0000,13965
03113,12,10,07,26,0000,0000,16962
03254,12,10,07,26,0000,0000,17103
00010,12,10,07,26,0000,0000,13859
03246,12,10,07,26,0000,0000,17095
03248,12,10,07,26,0000,0000,17097
00222,12,10,07,26,0000,0000,14071
03255,12,10,07,26,0000,0000,17104
00907,12,10,07,26,0000,0000,14756
03177,12,10,07,26,0000,0000,17026
00020,12,10,07,26,0000,0000,13869
00225,12,10,07,27,0000,0000,14330
03186,12,10,07,27,0000,0000,17291
00121,12,10,07,27,0000,0000,14226
03201,12,10,07,27,0000,0000,17306
00261,12,10,07,27,0000,0000,14366
00301,12,10,07,28,0000,0000,14662
00217,12,10,07,28,0000,0000,14578
00162,12,10,07,28,0000,0000,14523
03219,12,10,07,28,0000,0000,17580
00682,12,10,07,28,0000,0000,15043
00171,12,10,07,28,0000,0000,14532
03112,12,10,07,29,0000,0000,17729
03111,12,10,07,29,0000,0000,17728
03106,12,10,07,29,0000,0000,17723
00300,12,10,07,29,0000,0000,14917
00321,12,10,07,29,0000,0000,14938
03107,12,10,07,29,0000,0000,17724
00505,12,10,07,29,0000,0000,15122
03236,12,10,07,29,0000,0000,17853
00003,12,10,07,29,0000,0000,14620
03245,12,10,07,29,0000,0000,17862
00324,12,10,07,29,0000,0000,14941
04110,12,10,07,29,0000,0000,18727
04110,12,10,07,29,0000,0000,18727
00322,12,10,07,30,0000,0000,16731
00156,12,10,07,31,0000,0000,16821
03228,12,10,07,31,0000,0000,19893
03167,12,10,07,31,0000,0000,19832
03243,12,10,07,31,0000,0000,19908
03140,12,10,07,31,0000,0000,19805
03251,12,10,07,31,0000,0000,19916
00272,12,10,07,31,0000,0000,16937
03242,12,10,07,31,0000,0000,19907
03166,12,10,07,31,0000,0000,19831
00050,12,10,07,32,0000,0000,16971
00230,12,10,07,32,0000,0000,17151
03132,12,10,07,34,0000,0000,20565
03153,12,10,07,35,0000,0000,20842
03146,12,10,07,36,0000,0000,21091
01014,12,10,08,32,0000,0000,17936
00511,12,10,08,52,0000,0000,25625
00504,12,10,08,59,0000,0000,27410
03256,12,10,09,02,0000,0000,07891
08888,12,10,09,03,0000,0000,13779
00248,12,10,09,03,0000,0000,05139
00509,12,10,09,07,0000,0000,06424
00322,12,10,13,31,0000,0000,16999
00505,12,10,13,31,0000,0000,17182
03107,12,10,13,31,0000,0000,19784
00040,12,10,13,32,0000,0000,16973
00216,12,10,13,32,0000,0000,17149
03146,12,10,13,32,0000,0000,20079
03236,12,10,13,32,0000,0000,20169
00321,12,10,13,32,0000,0000,17254
00116,12,10,13,32,0000,0000,17049
03126,12,10,13,32,0000,0000,20059
00020,12,10,13,32,0000,0000,16953
03256,12,10,13,32,0000,0000,20189
00907,12,10,13,32,0000,0000,17840
03247,12,10,13,32,0000,0000,20180
04110,12,10,13,32,0000,0000,21043
03140,12,10,13,32,0000,0000,20073
03142,12,10,13,32,0000,0000,20075
03255,12,10,13,32,0000,0000,20188
00301,12,10,13,32,0000,0000,17234
00261,12,10,13,32,0000,0000,17194
03223,12,10,13,32,0000,0000,20156
03112,12,10,13,32,0000,0000,20045
00299,12,10,13,32,0000,0000,17232
00240,12,10,13,33,0000,0000,17429
00270,12,10,13,33,0000,0000,17459
00162,12,10,13,33,0000,0000,17351
03238,12,10,13,33,0000,0000,20427
03153,12,10,13,33,0000,0000,20342
03153,12,10,13,33,0000,0000,20342
00225,12,10,13,33,0000,0000,17414
03253,12,10,13,33,0000,0000,20442
03134,12,10,13,33,0000,0000,20323
00010,12,10,13,33,0000,0000,17199
03242,12,10,13,33,0000,0000,20431
03243,12,10,13,33,0000,0000,20432
03251,12,10,13,33,0000,0000,20440
03106,12,10,13,33,0000,0000,20295
03246,12,10,13,33,0000,0000,20435
03219,12,10,13,33,0000,0000,20408
00050,12,10,13,33,0000,0000,17239
03248,12,10,13,33,0000,0000,20437
00300,12,10,13,33,0000,0000,17489
00312,12,10,13,33,0000,0000,17501
00153,12,10,13,33,0000,0000,17342
03245,12,10,13,33,0000,0000,20434
00114,12,10,13,33,0000,0000,17303
03201,12,10,13,33,0000,0000,20390
00120,12,10,13,34,0000,0000,17565
00134,12,10,13,34,0000,0000,17579
03254,12,10,13,34,0000,0000,20699
03205,12,10,13,34,0000,0000,20650
03115,12,10,13,34,0000,0000,20560
03111,12,10,13,34,0000,0000,20556
03186,12,10,13,34,0000,0000,20631
03250,12,10,13,34,0000,0000,20695
00682,12,10,13,34,0000,0000,18127
00156,12,10,13,34,0000,0000,17601
03132,12,10,13,34,0000,0000,20577
00181,12,10,13,34,0000,0000,17626
00230,12,10,13,34,0000,0000,17675
03113,12,10,13,34,0000,0000,20558
03237,12,10,13,34,0000,0000,20682
03177,12,10,13,34,0000,0000,20622
00315,12,10,13,34,0000,0000,17760
00003,12,10,13,34,0000,0000,17448
00324,12,10,13,34,0000,0000,17769
00012,12,10,13,34,0000,0000,17457
00178,12,10,13,35,0000,0000,17879
00222,12,10,13,35,0000,0000,17923
00272,12,10,13,35,0000,0000,17973
03182,12,10,13,35,0000,0000,20883
00100,12,10,13,35,0000,0000,17801
00217,12,10,13,36,0000,0000,18174
00171,12,10,13,36,0000,0000,18128
01014,12,10,13,37,0000,0000,19227
00502,12,10,13,37,0000,0000,18715
03167,12,10,13,42,0000,0000,24196
03166,12,10,13,42,0000,0000,24195
00509,12,10,13,57,0000,0000,26914
03228,12,10,14,00,0000,0000,07362
00121,12,10,14,04,0000,0000,05279
08888,12,10,14,04,0000,0000,14046
00511,12,10,14,04,0000,0000,05669
00504,12,10,14,06,0000,0000,06174
00248,12,10,14,06,0000,0000,05918
03253,12,10,14,46,0000,0000,25307
00299,12,10,14,46,0000,0000,22353
00315,12,10,14,47,0000,0000,22625
00315,12,10,14,47,0000,0000,22625
00155,12,10,14,47,0000,0000,22465
00270,12,10,14,47,0000,0000,22580
03223,12,10,14,47,0000,0000,25533
00216,12,10,14,48,0000,0000,22782
03242,12,10,14,48,0000,0000,25808
00040,12,10,14,49,0000,0000,22862
03113,12,10,14,50,0000,0000,27727
00216,12,10,14,50,0000,0000,24830
00682,12,10,14,52,0000,0000,25808
03167,12,10,14,52,0000,0000,28293
03201,12,10,14,52,0000,0000,28327
00121,12,10,14,52,0000,0000,25247
03255,12,10,14,52,0000,0000,28381
03254,12,10,14,52,0000,0000,28380
03256,12,10,14,52,0000,0000,28382
03237,12,10,14,53,0000,0000,28619
03182,12,10,14,53,0000,0000,28564
00178,12,10,14,53,0000,0000,25560
00050,12,10,14,53,0000,0000,25432
00050,12,10,14,53,0000,0000,25432
03107,12,10,14,53,0000,0000,28489
00230,12,10,14,53,0000,0000,25612
03126,12,10,14,53,0000,0000,28508
00217,12,10,14,53,0000,0000,25599
00301,12,10,14,54,0000,0000,25939
00301,12,10,14,54,0000,0000,25939
03142,12,10,14,54,0000,0000,28780
00300,12,10,14,54,0000,0000,25938
03106,12,10,14,54,0000,0000,28744
03111,12,10,14,54,0000,0000,28749
00100,12,10,14,55,0000,0000,25994
03134,12,10,14,55,0000,0000,29028
03248,12,10,14,55,0000,0000,29142
03246,12,10,14,55,0000,0000,29140
03247,12,10,14,55,0000,0000,29141
03249,12,10,14,55,0000,0000,29143
03205,12,10,14,55,0000,0000,29099
03115,12,10,14,55,0000,0000,29009
03251,12,10,14,55,0000,0000,29145
03153,12,10,14,55,0000,0000,29047
03250,12,10,14,55,0000,0000,29144
03112,12,10,14,56,0000,0000,29262
03238,12,10,14,56,0000,0000,29388
00114,12,10,14,57,0000,0000,26520
00120,12,10,14,57,0000,0000,26526
00261,12,10,14,57,0000,0000,26667
00134,12,10,14,57,0000,0000,26540
00134,12,10,14,57,0000,0000,26540
04110,12,10,14,57,0000,0000,30516
03146,12,10,14,57,0000,0000,29552
00156,12,10,14,57,0000,0000,26562
03245,12,10,14,57,0000,0000,29651
03132,12,10,14,57,0000,0000,29538
00040,12,10,14,57,0000,0000,26446
00312,12,10,14,58,0000,0000,26974
03177,12,10,14,58,0000,0000,29839
00162,12,10,14,58,0000,0000,26824
00162,12,10,14,58,0000,0000,26824
03166,12,10,14,58,0000,0000,29828
00320,12,10,14,58,0000,0000,26982
00505,12,10,14,58,0000,0000,27167
03236,12,10,14,58,0000,0000,29898
00257,12,10,14,59,0000,0000,27175
00010,12,10,14,59,0000,0000,26928
00181,12,10,14,59,0000,0000,27099
03219,12,10,14,59,0000,0000,30137
00225,12,10,14,59,0000,0000,27143
00003,12,10,15,00,0000,0000,04138
00324,12,10,15,00,0000,0000,04459
03243,12,10,15,00,0000,0000,07378
03186,12,10,15,01,0000,0000,07577
03228,12,10,15,01,0000,0000,07619
00020,12,10,15,01,0000,0000,04411
00272,12,10,15,01,0000,0000,04663
00171,12,10,15,01,0000,0000,04562
03140,12,10,15,01,0000,0000,07531
00321,12,10,15,01,0000,0000,04712
00322,12,10,15,01,0000,0000,04713
03125,12,10,15,09,0000,0000,09564
00502,12,10,15,20,0000,0000,12829
01014,12,10,15,28,0000,0000,15389
00511,12,10,15,56,0000,0000,26662
00504,12,10,16,02,0000,0000,05152
00248,12,10,16,02,0000,0000,04896
08888,12,10,16,05,0000,0000,14304
03245,12,10,18,12,0000,0000,11991
00248,12,10,19,19,0000,0000,10787
00504,12,10,19,21,0000,0000,13091
00511,12,10,19,31,0000,0000,17194
00155,12,10,19,34,0000,0000,17606
08888,12,10,19,34,0000,0000,26339
00240,12,10,20,35,0000,0000,17954
01014,12,10,20,35,0000,0000,18728
03112,12,10,20,35,0000,0000,20826
00320,12,10,20,35,0000,0000,18034
03153,12,10,20,35,0000,0000,20867
