
Reg. 0
00067,02,11,11,33,0000,0000,17494
Reg. 1
00002,02,11,12,29,0000,0000,14870
Reg. 2
00067,02,11,12,56,0000,0000,26455
Reg. 3
00512,02,11,12,59,0000,0000,27668
Reg. 4
00507,02,11,13,00,0000,0000,04880
Reg. 5
00505,02,11,13,00,0000,0000,04878
Reg. 6
00518,02,11,13,00,0000,0000,04891
Reg. 7
00040,02,11,13,00,0000,0000,04413
Reg. 8
01070,02,11,13,00,0000,0000,05443
Reg. 9
00016,02,11,13,00,0000,0000,04389
Reg. 10
00011,02,11,13,00,0000,0000,04384
Reg. 11
00502,02,11,13,00,0000,0000,04875
Reg. 12
00513,02,11,13,00,0000,0000,04886
Reg. 13
00039,02,11,13,00,0000,0000,04412
Reg. 14
00003,02,11,13,00,0000,0000,04376
Reg. 15
00012,02,11,13,00,0000,0000,04385
Reg. 16
00053,02,11,13,00,0000,0000,04426
Reg. 17
00045,02,11,13,00,0000,0000,04418
Reg. 18
01006,02,11,13,00,0000,0000,05379
Reg. 19
00036,02,11,13,00,0000,0000,04409
Reg. 20
01035,02,11,13,00,0000,0000,05408
Reg. 21
00049,02,11,13,00,0000,0000,04422
Reg. 22
00061,02,11,13,00,0000,0000,04434
Reg. 23
00029,02,11,13,00,0000,0000,04402
Reg. 24
01015,02,11,13,00,0000,0000,05388
Reg. 25
00020,02,11,13,00,0000,0000,04393
Reg. 26
00013,02,11,13,00,0000,0000,04386
Reg. 27
00006,02,11,13,00,0000,0000,04379
Reg. 28
00050,02,11,13,00,0000,0000,04423
Reg. 29
00027,02,11,13,00,0000,0000,04400
Reg. 30
00037,02,11,13,00,0000,0000,04410
Reg. 31
00063,02,11,13,01,0000,0000,04692
Reg. 32
00032,02,11,13,01,00
00,0000,04661
Reg. 33
00068,02,11,13,01,0000,0000,04697
Reg. 34
00023,02,11,13,01,0000,0000,04652
Reg. 35
00042,02,11,13,01,0000,0000,04671
Reg. 36
00018,02,11,13,01,0000,0000,04647
Reg. 37
00026,02,11,13,01,0000,0000,04655
Reg. 38
00504,02,11,13,01,0000,0000,05133
Reg. 39
00015,02,11,13,01,0000,0000,04644
Reg. 40
00700,02,11,13,01,0000,0000,05329
Reg. 41
00055,02,11,13,01,0000,0000,04684
Reg. 42
00064,02,11,13,01,0000,0000,04693
Reg. 43
00021,02,11,13,01,0000,0000,04650
Reg. 44
00030,02,11,13,01,0000,0000,04659
Reg. 45
00515,02,11,13,01,0000,0000,05144
Reg. 46
01073,02,11,13,01,0000,0000,05702
Reg. 47
00004,02,11,13,01,0000,0000,04633
Reg. 48
00007,02,11,13,01,0000,0000,04636
Reg. 49
00062,02,11,13,01,0000,0000,04691
Reg. 50
00514,02,11,13,01,0000,0000,05143
Reg. 51
00054,02,11,13,01,0000,0000,04683
Reg. 52
00001,02,11,13,01,0000,0000,04630
Reg. 53
00008,02,11,13,01,0000,0000,04637
Reg. 54
00035,02,11,13,01,0000,0000,04664
Reg. 55
00025,02,11,13,01,0000,0000,04654
Reg. 56
00005,02,11,13,02,0000,0000,04890
Reg. 57
00503,02,11,13,02,0000,0000,05388
Reg. 58
01071,02,11,13,02,0000,0000,05956
Reg. 59
01071,02,11,13,02,0000,0000,05956
Reg. 60
00059,02,11,13,02,0000,0000,04944
Reg. 61
00506,02,11,13,02,0000,0000,05391
Reg. 62
00517,02,11,13,02,0000,0000,05402
Reg. 63
01016,02,11,13,02,0000,0000,05901
Reg. 64
01001,02,11,13,02,0000,0000,05886
Reg. 65
00014,02,11,13,02,0000,0000,04899

Reg. 66
01004,02,11,13,02,0000,0000,05889
Reg. 67
01013,02,11,13,02,0000,0000,05898
Reg. 68
00022,02,11,13,03,0000,0000,05163
Reg. 69
00056,02,11,13,03,0000,0000,05197
Reg. 70
00041,02,11,13,03,0000,0000,05182
Reg. 71
00501,02,11,13,03,0000,0000,05642
Reg. 72
00046,02,11,13,04,0000,0000,05443
Reg. 73
00057,02,11,13,04,0000,0000,05454
Reg. 74
00024,02,11,13,04,0000,0000,05421
Reg. 75
00019,02,11,13,04,0000,0000,05416
Reg. 76
00047,02,11,13,04,0000,0000,05444
Reg. 77
00511,02,11,13,04,0000,0000,05908
Reg. 78
00508,02,11,13,05,0000,0000,06161
Reg. 79
00017,02,11,13,06,0000,0000,05926
Reg. 80
00010,02,11,13,06,0000,0000,05919
Reg. 81
00512,02,11,13,57,0000,0000,27157
Reg. 82
00052,02,11,14,00,0000,0000,04426
Reg. 83
00511,02,11,14,00,0000,0000,04885
Reg. 84
00508,02,11,14,00,0000,0000,04882
Reg. 85
00013,02,11,14,10,0000,0000,08483
Reg. 86
00006,02,11,14,10,0000,0000,08476
Reg. 87
00008,02,11,14,10,0000,0000,08478
Reg. 88
00001,02,11,14,10,0000,0000,08471
Reg. 89
00012,02,11,14,10,0000,0000,08482
Reg. 90
00045,02,11,14,10,0000,0000,08515
Reg. 91
00047,02,11,14,11,0000,0000,08773
Reg. 92
00019,02,11,14,11,0000,0000,08745
Reg. 93
00024,02,11,14,11,0000,0000,08750
Reg. 94
00046,02,11,14,11,0000,0000,08772
Reg. 95
00057,02,11,14,11,0000,0000,08783
Reg. 96
00031,02,11,14,11,0000,0000,08757
Reg. 97
00026,02,11,14,11,0000,0000,08752
Reg. 98
00027,02,11,14,11,0000,0000,08753

Reg. 99
00050,02,11,14,11,0000,0000,08776
Reg. 100
00005,02,11,14,12,0000,0000,08987
Reg. 101
00017,02,11,14,12,0000,0000,08999
Reg. 102
00010,02,11,14,12,0000,0000,08992
Reg. 103
00056,02,11,14,12,0000,0000,09038
Reg. 104
00022,02,11,14,12,0000,0000,09004
Reg. 105
00064,02,11,14,12,0000,0000,09046
Reg. 106
00040,02,11,14,13,0000,0000,09278
Reg. 107
01070,02,11,14,13,0000,0000,10308
Reg. 108
00011,02,11,14,14,0000,0000,09505
Reg. 109
00032,02,11,14,14,0000,0000,09526
Reg. 110
00035,02,11,14,14,0000,0000,09529
Reg. 111
00036,02,11,14,14,0000,0000,09530
Reg. 112
00054,02,11,14,14,0000,0000,09548
Reg. 113
00059,02,11,14,15,0000,0000,09809
Reg. 114
00030,02,11,14,15,0000,0000,09780
Reg. 115
00003,02,11,14,16,0000,0000,10009
Reg. 116
00025,02,11,14,16,0000,0000,10031
Reg. 117
00513,02,11,14,16,0000,0000,10519
Reg. 118
00053,02,11,14,16,0000,0000,10059
Reg. 119
01015,02,11,14,16,0000,0000,11021
Reg. 120
00002,02,11,14,17,0000,0000,10264
Reg. 121
00063,02,11,14,17,0000,0000,10325
Reg. 122
00062,02,11,14,18,0000,0000,10580
Reg. 123
00504,02,11,14,18,0000,0000,11022
Reg. 124
01073,02,11,14,18,0000,0000,11591
Reg. 125
00004,02,11,14,19,0000,0000,10778
Reg. 126
00514,02,11,14,19,0000,0000,11288
Reg. 127
00503,02,11,14,19,0000,0000,11277
Reg. 128
01035,02,11,14,19,0000,0000,11809
Reg. 129
00037,02,11,14,19,0000,0000,10811
Reg. 130
00021,02,11,14,19,0000,0000,10795
Reg. 1
31
00016,02,11,14,19,0000,0000,10790
Reg. 132
00014,02,11,14,19,0000,0000,10788
Reg. 133
00020,02,11,14,19,0000,0000,10794
Reg. 134
00061,02,11,14,19,0000,0000,10835
Reg. 135
00007,02,11,14,20,0000,0000,12573
Reg. 136
00501,02,11,14,20,0000,0000,13067
Reg. 137
00039,02,11,14,20,0000,0000,12605
Reg. 138
00700,02,11,14,20,0000,0000,13266
Reg. 139
00023,02,11,14,20,0000,0000,12589
Reg. 140
00515,02,11,14,20,0000,0000,13081
Reg. 141
00015,02,11,14,21,0000,0000,12837
Reg. 142
01016,02,11,14,21,0000,0000,13838
Reg. 143
01004,02,11,14,21,0000,0000,13826
Reg. 144
00502,02,11,14,21,0000,0000,13324
Reg. 145
00055,02,11,14,21,0000,0000,12877
Reg. 146
00018,02,11,14,21,0000,0000,12840
Reg. 147
01013,02,11,14,22,0000,0000,14091
Reg. 148
00049,02,11,14,23,0000,0000,13383
Reg. 149
01006,02,11,14,23,0000,0000,14340
Reg. 150
01001,02,11,14,23,0000,0000,14335
Reg. 151
01071,02,11,14,23,0000,0000,14405
Reg. 152
00067,02,11,14,24,0000,0000,13657
Reg. 153
00068,02,11,14,24,0000,0000,13658
Reg. 154
00506,02,11,14,24,0000,0000,14096
Reg. 155
00518,02,11,14,24,0000,0000,14108
Reg. 156
00042,02,11,14,24,0000,0000,13632
Reg. 157
00517,02,11,14,24,0000,0000,14107
Reg. 158
00041,02,11,14,24,0000,0000,13631
Reg. 159
00505,02,11,14,25,0000,0000,14351
Reg. 160
00507,02,11,14,25,0000,0000,14353
Reg. 161
00029,02,11,14,25,0000,0000,13875
Reg. 162
00052,02,11,15,23,0000,0000,13387

Reg. 163
00029,02,11,17,01,0000,0000,04662
Reg. 164
00057,02,11,17,01,0000,0000,04690
Reg. 165
00010,02,11,17,01,0000,0000,04643
Reg. 166
00037,02,11,17,01,0000,0000,04670
Reg. 167
00017,02,11,17,01,0000,0000,04650
Reg. 168
00046,02,11,17,01,0000,0000,04679
Reg. 169
00054,02,11,17,01,0000,0000,04687
Reg. 170
00012,02,11,17,01,0000,0000,04645
Reg. 171
00013,02,11,17,01,0000,0000,04646
Reg. 172
00007,02,11,17,01,0000,0000,04640
Reg. 173
00018,02,11,17,01,0000,0000,04651
Reg. 174
00003,02,11,17,02,0000,0000,04892
Reg. 175
00036,02,11,17,02,0000,0000,04925
Reg. 176
00006,02,11,17,02,0000,0000,04895
Reg. 177
00032,02,11,17,02,0000,0000,04921
Reg. 178
00023,02,11,17,02,0000,0000,04912
Reg. 179
00062,02,11,17,02,0000,0000,04951
Reg. 180
00001,02,11,17,02,0000,0000,04890
Reg. 181
00040,02,11,17,03,0000,0000,05185
Reg. 182
00016,02,11,17,03,0000,0000,05161
Reg. 183
00031,02,11,17,03,0000,0000,05176
Reg. 184
00025,02,11,17,03,0000,0000,05170
Reg. 185
00056,02,11,17,04,0000,0000,05457
Reg. 186
00014,02,11,17,04,0000,0000,05415
Reg. 187
00035,02,11,17,05,0000,0000,05692
Reg. 188
00502,02,11,17,30,0000,0000,17167
Reg. 189
00505,02,11,17,30,0000,0000,17170
Reg. 190
00507,02,11,17,30,0000,0000,17172
Reg. 191
00508,02,11,17,30,0000,0000,17173
Reg. 192
00511,02,11,17,30,0000,0000,17176
Reg. 193
00512,02,11,17,59,0000,0000,27673
Reg. 194
00053,02,11,18,00,0000,0000,04431
Reg. 195
00011,02,11,
18,00,0000,0000,04389
Reg. 196
01035,02,11,18,00,0000,0000,05413
Reg. 197
00061,02,11,18,00,0000,0000,04439
Reg. 198
00045,02,11,18,00,0000,0000,04423
Reg. 199
00049,02,11,18,00,0000,0000,04427
Reg. 200
01015,02,11,18,00,0000,0000,05393
Reg. 201
00039,02,11,18,00,0000,0000,04417
Reg. 202
01001,02,11,18,00,0000,0000,05379
Reg. 203
01006,02,11,18,00,0000,0000,05384
Reg. 204
00501,02,11,18,00,0000,0000,04879
Reg. 205
00015,02,11,18,00,0000,0000,04393
Reg. 206
00030,02,11,18,00,0000,0000,04408
Reg. 207
00004,02,11,18,00,0000,0000,04382
Reg. 208
00002,02,11,18,00,0000,0000,04380
Reg. 209
00068,02,11,18,00,0000,0000,04446
Reg. 210
01016,02,11,18,00,0000,0000,05394
Reg. 211
01013,02,11,18,01,0000,0000,05647
Reg. 212
00504,02,11,18,01,0000,0000,05138
Reg. 213
01073,02,11,18,01,0000,0000,05707
Reg. 214
00514,02,11,18,01,0000,0000,05148
Reg. 215
00513,02,11,18,01,0000,0000,05147
Reg. 216
00515,02,11,18,01,0000,0000,05149
Reg. 217
00022,02,11,18,01,0000,0000,04656
Reg. 218
00064,02,11,18,01,0000,0000,04698
Reg. 219
00503,02,11,18,01,0000,0000,05137
Reg. 220
01071,02,11,18,01,0000,0000,05705
Reg. 221
00041,02,11,18,01,0000,0000,04675
Reg. 222
00517,02,11,18,01,0000,0000,05151
Reg. 223
00041,02,11,18,01,0000,0000,04675
Reg. 224
00518,02,11,18,01,0000,0000,05152
Reg. 225
00021,02,11,18,02,0000,0000,04911
Reg. 226
00055,02,11,18,02,0000,0000,04945
Reg. 227
01070,02,11,18,02,0000,0000,05960

Reg. 228
00005,02,11,18,02,0000,0000,04895
Reg. 229
00059,02,11,18,02,0000,0000,04949
Reg. 230
00506,02,11,18,02,0000,0000,05396
Reg. 231
00008,02,11,18,02,0000,0000,04898
Reg. 232
00042,02,11,18,02,0000,0000,04932
Reg. 233
01004,02,11,18,02,0000,0000,05894
Reg. 234
00027,02,11,18,03,0000,0000,05173
Reg. 235
00063,02,11,18,03,0000,0000,05209
Reg. 236
00024,02,11,18,04,0000,0000,05426
Reg. 237
00026,02,11,18,04,0000,0000,05428
Reg. 238
00019,02,11,18,04,0000,0000,05421
Reg. 239
00047,02,11,18,04,0000,0000,05449
Reg. 240
00050,02,11,18,05,0000,0000,05708
Reg. 241
00020,02,11,18,05,0000,0000,05678
Reg. 242
00019,02,11,18,17,0000,0000,10285
Reg. 243
00047,02,11,18,17,0000,0000,10313
Reg. 244
00026,02,11,18,17,0000,0000,10292
Reg. 245
00024,02,11,18,17,0000,0000,10290
Reg. 246
00503,02,11,18,17,0000,0000,10769
Reg. 247
00022,02,11,18,18,0000,0000,10544
Reg. 248
00513,02,11,18,18,0000,0000,11035
Reg. 249
00517,02,11,18,20,0000,0000,13087
Reg. 250
00050,02,11,18,20,0000,0000,12620
Reg. 251
00020,02,11,18,20,0000,0000,12590
Reg. 252
00027,02,11,18,21,0000,0000,12853
Reg. 253
00064,02,11,18,22,0000,0000,13146
Reg. 254
00059,02,11,18,22,0000,0000,13141
Reg. 255
00514,02,11,18,22,0000,0000,13596
Reg. 256
01015,02,11,18,22,0000,0000,14097
Reg. 257
00008,02,11,18,22,0000,0000,13090
Reg. 258
01070,02,11,18,22,0000,0000,14152
Reg. 259
01073,02,11,18,22,0000,0000,14155

Reg. 260
00045,02,11,18,22,0000,0000,13127
Reg. 261
00021,02,11,18,23,0000,0000,13359
Reg. 262
01035,02,11,18,23,0000,0000,14373
Reg. 263
00063,02,11,18,23,0000,0000,13401
Reg. 264
00055,02,11,18,23,0000,0000,13393
Reg. 265
00011,02,11,18,23,0000,0000,13349
Reg. 266
00005,02,11,18,23,0000,0000,13343
Reg. 267
00049,02,11,18,23,0000,0000,13387
Reg. 268
00002,02,11,18,23,0000,0000,13340
Reg. 269
00061,02,11,18,23,0000,0000,13399
Reg. 270
01013,02,11,18,24,0000,0000,14607
Reg. 271
01016,02,11,18,24,0000,0000,14610
Reg. 272
01001,02,11,18,24,0000,0000,14595
Reg. 273
01004,02,11,18,24,0000,0000,14598
Reg. 274
01006,02,11,18,24,0000,0000,14600
Reg. 275
00004,02,11,18,24,0000,0000,13598
Reg. 276
00030,02,11,18,24,0000,0000,13624
Reg. 277
00041,02,11,18,25,0000,0000,13891
Reg. 278
00042,02,11,18,25,0000,0000,13892
Reg. 279
00506,02,11,18,25,0000,0000,14356
Reg. 280
00053,02,11,18,26,0000,0000,14159
Reg. 281
01071,02,11,18,26,0000,0000,15177
Reg. 282
00504,02,11,18,26,0000,0000,14610
Reg. 283
00501,02,11,18,26,0000,0000,14607
Reg. 284
00039,02,11,18,27,0000,0000,14401
Reg. 285
00515,02,11,18,27,0000,0000,14877
Reg. 286
00518,02,11,18,27,0000,0000,14880
Reg. 287
00022,02,11,20,00,0000,0000,04408
Reg. 288
00019,02,11,20,00,0000,0000,04405
Reg. 289
00052,02,11,20,30,0000,0000,16726
Reg. 290
00030,02,11,21,31,0000,0000,16961
Reg. 291
00011,02,11,21,31,0000,0000,16942

Reg. 292
00061,02,11,21,31,0000,0000,16992
Reg. 293
01015,02,11,21,31,0000,0000,17946
Reg. 294
00039,02,11,21,31,0000,0000,16970
Reg. 295
00020,02,11,21,31,0000,0000,16951
Reg. 296
01006,02,11,21,31,0000,0000,17937
Reg. 297
01001,02,11,21,31,0000,0000,17932
Reg. 298
00045,02,11,21,31,0000,0000,16976
Reg. 299
01035,02,11,21,31,0000,0000,17966
Reg. 300
00049,02,11,21,31,0000,0000,16980
Reg. 301
00067,02,11,21,31,0000,0000,16998
Reg. 302
00053,02,11,21,31,0000,0000,16984
Reg. 303
00517,02,11,21,31,0000,0000,17448
Reg. 304
00068,02,11,21,31,0000,0000,16999
Reg. 305
00021,02,11,21,32,0000,0000,17208
Reg. 306
00005,02,11,21,32,0000,0000,17192
Reg. 307
00063,02,11,21,32,0000,0000,17250
Reg. 308
01070,02,11,21,32,0000,0000,18257
Reg. 309
00008,02,11,21,33,0000,0000,17451
Reg. 310
00700,02,11,21,33,0000,0000,18143
Reg. 311
00055,02,11,21,33,0000,0000,17498
Reg. 312
00514,02,11,21,33,0000,0000,17957
Reg. 313
00015,02,11,21,33,0000,0000,17458
Reg. 314
00515,02,11,21,33,0000,0000,17958
Reg. 315
00042,02,11,21,33,0000,0000,17485
Reg. 316
00059,02,11,21,34,0000,0000,17758
Reg. 317
00050,02,11,21,34,0000,0000,17749
Reg. 318
00027,02,11,21,34,0000,0000,17726
Reg. 319
00503,02,11,21,34,0000,0000,18202
Reg. 320
01016,02,11,21,34,0000,0000,18715
Reg. 321
01004,02,11,21,34,0000,0000,18703
Reg. 322
01071,02,11,21,34,0000,0000,18770
Reg. 323
00026,02,11,21,35,0000,0000,17981

Reg. 324
00047,02,11,21,35,0000,0000,18002
Reg. 325
00024,02,11,21,35,0000,0000,17979
Reg. 326
00064,02,11,21,35,0000,0000,18019
Reg. 327
01013,02,11,21,35,0000,0000,18968
Reg. 328
00041,02,11,21,35,0000,0000,17996
Reg. 329
00004,02,11,21,35,0000,0000,17959
Reg. 330
00002,02,11,21,35,0000,0000,17957
Reg. 331
00506,02,11,21,35,0000,0000,18461
Reg. 332
00501,02,11,21,36,0000,0000,18712
Reg. 333
00518,02,11,21,36,0000,0000,18729
Reg. 334
00513,02,11,21,41,0000,0000,21540
Reg. 335
00504,02,11,21,44,0000,0000,22299
Reg. 336
01073,02,11,21,45,0000,0000,23124
Reg. 337
00503,02,12,06,25,0000,0000,14591
Reg. 338
00062,02,12,06,41,0000,0000,21318
Reg. 339
00064,02,12,06,41,0000,0000,21320
Reg. 340
00015,02,12,06,41,0000,0000,21271
Reg. 341
00039,02,12,06,41,0000,0000,21295
Reg. 342
00005,02,12,06,41,0000,0000,21261
Reg. 343
00013,02,12,06,42,0000,0000,21525
Reg. 344
00008,02,12,06,42,0000,0000,21520
Reg. 345
00006,02,12,06,42,0000,0000,21518
Reg. 346
00012,02,12,06,42,0000,0000,21524
Reg. 347
00513,02,12,06,42,0000,0000,22025
Reg. 348
00047,02,12,06,42,0000,0000,21559
Reg. 349
00024,02,12,06,42,0000,0000,21536
Reg. 350
00035,02,12,06,42,0000,0000,21547
Reg. 351
00040,02,12,06,43,0000,0000,21808
Reg. 352
01070,02,12,06,43,0000,0000,22838
Reg. 353
00030,02,12,06,44,0000,0000,22054
Reg. 354
00004,02,12,06,44,0000,0000,22028
Reg. 355
01073,02,12,06,45,0000,0000,23353

Reg. 356
00036,02,12,06,46,0000,0000,22572
Reg. 357
00046,02,12,06,46,0000,0000,22582
Reg. 358
00031,02,12,06,46,0000,0000,22567
Reg. 359
00002,02,12,06,46,0000,0000,22538
Reg. 360
00001,02,12,06,46,0000,0000,22537
Reg. 361
00045,02,12,06,46,0000,0000,22581
Reg. 362
00010,02,12,06,46,0000,0000,22546
Reg. 363
00032,02,12,06,46,0000,0000,22568
Reg. 364
00017,02,12,06,47,0000,0000,22809
Reg. 365
00025,02,12,06,47,0000,0000,22817
Reg. 366
00003,02,12,06,47,0000,0000,22795
Reg. 367
00514,02,12,06,47,0000,0000,23306
Reg. 368
00059,02,12,06,47,0000,0000,22851
Reg. 369
00020,02,12,06,48,0000,0000,23068
Reg. 370
00050,02,12,06,48,0000,0000,23098
Reg. 371
00517,02,12,06,48,0000,0000,23565
Reg. 372
00019,02,12,06,48,0000,0000,23067
Reg. 373
00026,02,12,06,48,0000,0000,23074
Reg. 374
00063,02,12,06,48,0000,0000,23111
Reg. 375
00007,02,12,06,49,0000,0000,23311
Reg. 376
00061,02,12,06,49,0000,0000,23365
Reg. 377
00055,02,12,06,49,0000,0000,23359
Reg. 378
00014,02,12,06,50,0000,0000,25110
Reg. 379
00037,02,12,06,50,0000,0000,25133
Reg. 380
00021,02,12,06,50,0000,0000,25117
Reg. 381
00700,02,12,06,51,0000,0000,26052
Reg. 382
00504,02,12,06,52,0000,0000,26112
Reg. 383
00053,02,12,06,52,0000,0000,25661
Reg. 384
00027,02,12,06,52,0000,0000,25635
Reg. 385
00023,02,12,06,52,0000,0000,25631
Reg. 386
00515,02,12,06,52,0000,0000,26123
Reg. 387
00068,02,12,06,54,0000,0000,26188
Reg. 388
00022,02
,12,06,54,0000,0000,26142
Reg. 389
00056,02,12,06,54,0000,0000,26176
Reg. 390
00054,02,12,06,54,0000,0000,26174
Reg. 391
00501,02,12,06,54,0000,0000,26621
Reg. 392
00506,02,12,06,55,0000,0000,26882
Reg. 393
00518,02,12,06,55,0000,0000,26894
Reg. 394
00058,02,12,06,55,0000,0000,26434
Reg. 395
00049,02,12,06,55,0000,0000,26425
Reg. 396
00029,02,12,06,55,0000,0000,26405
Reg. 397
00041,02,12,06,55,0000,0000,26417
Reg. 398
00042,02,12,06,55,0000,0000,26418
Reg. 399
00057,02,12,06,58,0000,0000,27201
Reg. 400
00067,02,12,08,21,0000,0000,13133
Reg. 401
00052,02,12,08,52,0000,0000,25662
Reg. 402
00512,02,12,08,54,0000,0000,26634
Reg. 403
00039,02,12,09,00,0000,0000,04658
Reg. 404
00068,02,12,09,00,0000,0000,04687
Reg. 405
00501,02,12,09,00,0000,0000,05120
Reg. 406
00053,02,12,09,00,0000,0000,04672
Reg. 407
00517,02,12,09,01,0000,0000,05392
Reg. 408
00504,02,12,09,01,0000,0000,05379
Reg. 409
00513,02,12,09,01,0000,0000,05388
Reg. 410
00506,02,12,09,01,0000,0000,05381
Reg. 411
00056,02,12,09,01,0000,0000,04931
Reg. 412
00003,02,12,09,01,0000,0000,04878
Reg. 413
00054,02,12,09,01,0000,0000,04929
Reg. 414
00045,02,12,09,01,0000,0000,04920
Reg. 415
00014,02,12,09,01,0000,0000,04889
Reg. 416
00025,02,12,09,01,0000,0000,04900
Reg. 417
00061,02,12,09,01,0000,0000,04936
Reg. 418
00062,02,12,09,01,0000,0000,04937
Reg. 419
00012,02,12,09,01,0000,0000,04887
Reg. 420
00013,02,12,09,01,0000,0000,04888

Reg. 421
00030,02,12,09,01,0000,0000,04905
Reg. 422
00036,02,12,09,01,0000,0000,04911
Reg. 423
00040,02,12,09,01,0000,0000,04915
Reg. 424
00042,02,12,09,01,0000,0000,04917
Reg. 425
01070,02,12,09,01,0000,0000,05945
Reg. 426
00042,02,12,09,01,0000,0000,04917
Reg. 427
00029,02,12,09,01,0000,0000,04904
Reg. 428
00063,02,12,09,01,0000,0000,04938
Reg. 429
00002,02,12,09,01,0000,0000,04877
Reg. 430
00032,02,12,09,01,0000,0000,04907
Reg. 431
00049,02,12,09,01,0000,0000,04924
Reg. 432
00023,02,12,09,02,0000,0000,05154
Reg. 433
00006,02,12,09,02,0000,0000,05137
Reg. 434
00037,02,12,09,02,0000,0000,05168
Reg. 435
00017,02,12,09,02,0000,0000,05148
Reg. 436
01073,02,12,09,02,0000,0000,06204
Reg. 437
00046,02,12,09,02,0000,0000,05177
Reg. 438
00058,02,12,09,02,0000,0000,05189
Reg. 439
00021,02,12,09,02,0000,0000,05152
Reg. 440
00007,02,12,09,02,0000,0000,05138
Reg. 441
00515,02,12,09,02,0000,0000,05646
Reg. 442
00015,02,12,09,02,0000,0000,05146
Reg. 443
00064,02,12,09,02,0000,0000,05195
Reg. 444
00059,02,12,09,02,0000,0000,05190
Reg. 445
00001,02,12,09,02,0000,0000,05132
Reg. 446
00008,02,12,09,02,0000,0000,05139
Reg. 447
00514,02,12,09,02,0000,0000,05645
Reg. 448
00035,02,12,09,02,0000,0000,05166
Reg. 449
00503,02,12,09,03,0000,0000,05890
Reg. 450
00005,02,12,09,03,0000,0000,05392
Reg. 451
00010,02,12,09,03,0000,0000,05397
Reg. 452
00022,02,12,09,03,0000,0000,05409
Reg. 453
00004,02,12,09,03,0000,0000,05391

Reg. 454
00055,02,12,09,03,0000,0000,05442
Reg. 455
00700,02,12,09,03,0000,0000,06087
Reg. 456
00041,02,12,09,04,0000,0000,05684
Reg. 457
00026,02,12,09,05,0000,0000,05925
Reg. 458
00019,02,12,09,05,0000,0000,05918
Reg. 459
00024,02,12,09,05,0000,0000,05923
Reg. 460
00047,02,12,09,05,0000,0000,05946
Reg. 461
00518,02,12,09,05,0000,0000,06417
Reg. 462
00027,02,12,09,06,0000,0000,06182
Reg. 463
00050,02,12,09,06,0000,0000,06205
Reg. 464
00020,02,12,09,06,0000,0000,06175
Reg. 465
00024,02,12,09,17,0000,0000,10531
Reg. 466
00026,02,12,09,17,0000,0000,10533
Reg. 467
00047,02,12,09,17,0000,0000,10554
Reg. 468
00019,02,12,09,17,0000,0000,10526
Reg. 469
00503,02,12,09,17,0000,0000,11010
Reg. 470
00513,02,12,09,20,0000,0000,13324
Reg. 471
01073,02,12,09,21,0000,0000,14140
Reg. 472
00041,02,12,09,21,0000,0000,13108
Reg. 473
00053,02,12,09,22,0000,0000,13376
Reg. 474
00050,02,12,09,23,0000,0000,13629
Reg. 475
00023,02,12,09,23,0000,0000,13602
Reg. 476
00027,02,12,09,23,0000,0000,13606
Reg. 477
00020,02,12,09,23,0000,0000,13599
Reg. 478
00036,02,12,09,23,0000,0000,13615
Reg. 479
00059,02,12,09,23,0000,0000,13638
Reg. 480
00064,02,12,09,23,0000,0000,13643
Reg. 481
00021,02,12,09,23,0000,0000,13600
Reg. 482
00035,02,12,09,23,0000,0000,13614
Reg. 483
00062,02,12,09,23,0000,0000,13641
Reg. 484
00022,02,12,09,23,0000,0000,13601
Reg. 485
00056,02,12,09,23,0000,0000,13635
Reg. 486

00514,02,12,09,23,0000,0000,14093
Reg. 487
00006,02,12,09,23,0000,0000,13585
Reg. 488
00046,02,12,09,23,0000,0000,13625
Reg. 489
00054,02,12,09,23,0000,0000,13633
Reg. 490
00045,02,12,09,23,0000,0000,13624
Reg. 491
00014,02,12,09,23,0000,0000,13593
Reg. 492
00058,02,12,09,23,0000,0000,13637
Reg. 493
00031,02,12,09,23,0000,0000,13610
Reg. 494
00001,02,12,09,24,0000,0000,13836
Reg. 495
00005,02,12,09,24,0000,0000,13840
Reg. 496
00055,02,12,09,24,0000,0000,13890
Reg. 497
00040,02,12,09,24,0000,0000,13875
Reg. 498
01070,02,12,09,24,0000,0000,14905
Reg. 499
00063,02,12,09,24,0000,0000,13898
Reg. 500
00700,02,12,09,24,0000,0000,14535
Reg. 501
00004,02,12,09,24,0000,0000,13839
Reg. 502
00030,02,12,09,24,0000,0000,13865
Reg. 503
00061,02,12,09,24,0000,0000,13896
Reg. 504
00010,02,12,09,24,0000,0000,13845
Reg. 505
00013,02,12,09,25,0000,0000,14104
Reg. 506
00002,02,12,09,25,0000,0000,14093
Reg. 507
00008,02,12,09,25,0000,0000,14099
Reg. 508
00057,02,12,09,25,0000,0000,14148
Reg. 509
00017,02,12,09,25,0000,0000,14108
Reg. 510
00012,02,12,09,25,0000,0000,14103
Reg. 511
00501,02,12,09,25,0000,0000,14592
Reg. 512
00015,02,12,09,25,0000,0000,14106
Reg. 513
00039,02,12,09,25,0000,0000,14130
Reg. 514
00007,02,12,09,25,0000,0000,14098
Reg. 515
00517,02,12,09,25,0000,0000,14608
Reg. 516
00504,02,12,09,25,0000,0000,14595
Reg. 517
00037,02,12,09,25,0000,0000,14128
Reg. 518
00042,02,12,09,26,0000,0
000,14389
Reg. 519
00003,02,12,09,26,0000,0000,14350
Reg. 520
00025,02,12,09,26,0000,0000,14372
Reg. 521
00506,02,12,09,26,0000,0000,14853
Reg. 522
00515,02,12,09,26,0000,0000,14862
Reg. 523
00029,02,12,09,26,0000,0000,14376
Reg. 524
00518,02,12,09,26,0000,0000,14865
Reg. 525
00032,02,12,09,27,0000,0000,14635
Reg. 526
00068,02,12,09,28,0000,0000,14927
Total Reg.  527

Cmd OK

